-0.000054 0.000083 -0.000010
-0.000108 0.000086 -0.000652
-0.000162 0.000088 -0.001190
0.010779 -0.000882 -0.003573
0.640730 -0.011109 -0.007455
0.695683 -0.011625 -0.098738
0.699865 -0.015281 -0.896012
0.693523 0.004459 -1.511551
0.698846 0.027006 -2.125087
0.715707 0.041444 -2.763158
0.728535 0.043534 2.905494
0.732681 0.040900 2.231213
0.732662 0.041992 1.581738
0.738248 0.059577 0.922238
0.759157 0.074259 0.313997
0.768022 0.074863 -0.210933
1.061875 0.014663 -0.229625
1.662954 -0.132602 -0.260854
2.286233 -0.295965 -0.271033
2.913450 -0.493734 -0.319610
3.608674 -0.731539 -0.311515
4.302887 -0.918669 -0.196088
4.992451 -1.088814 -0.174593
5.664861 -1.143444 -0.061051
6.341022 -1.223417 -0.111686
7.017584 -1.295045 -0.102088
7.533426 -1.373474 -0.141545
8.052701 -1.443133 -0.124133
8.542243 -1.517949 -0.126516
8.824923 -1.554202 -0.093218
8.759578 -1.539301 -0.619752
8.908406 -1.724071 -0.884013
9.336563 -2.284297 -0.899294
9.837303 -2.958386 -0.873740
10.328557 -3.581642 -0.873615
10.808241 -4.188795 -0.857804
11.280494 -4.799057 -0.880861
11.617008 -5.215131 -0.885911
11.738056 -5.362177 -1.229097
11.889484 -5.902390 -1.416770
12.112985 -7.027985 -1.409881
12.331149 -8.181264 -1.449821
12.516459 -9.320630 -1.478000
12.663891 -10.522779 -1.521361
12.783037 -11.744009 -1.559055
12.773591 -12.487328 -1.618864
12.734244 -13.242169 -1.641354
12.680484 -14.001020 -1.685340
12.596860 -14.772805 -1.693181
12.508569 -15.541811 -1.744493
12.367519 -16.294266 -1.788617
12.237941 -16.967169 -1.818866
12.060253 -17.620012 -1.896937
11.880808 -18.246143 -1.885825
11.689489 -18.823019 -1.949335
11.685803 -18.864676 -1.945341
11.666445 -18.938509 -1.936078
11.427503 -19.617905 -1.948853
11.185814 -20.284660 -1.904171
10.963010 -20.953993 -1.929286
10.738885 -21.619469 -1.909494
10.507044 -22.284420 -1.961975
10.274083 -22.971447 -1.917349
10.041887 -23.663385 -1.949661
9.828865 -24.366308 -1.884615
9.617278 -25.066929 -1.936050
9.384699 -25.785595 -1.945731
9.139087 -26.496124 -1.947582
8.951415 -27.008303 -1.963000
8.932920 -27.075737 -2.117485
8.899606 -27.144985 -2.790940
8.834956 -27.152967 2.850490
8.774085 -27.147072 2.841403
8.715230 -27.134378 2.776896
8.684514 -27.114513 2.156004
8.638033 -27.097710 1.804327
8.619572 -27.074919 2.499155
8.565400 -27.051788 2.732661
8.195876 -27.031111 3.070287
7.484834 -27.001284 3.065161
6.768760 -26.924183 2.990585
6.066404 -26.819616 2.964342
5.205960 -26.735779 2.919187
4.374568 -26.644135 2.900397
3.644133 -26.516819 2.823925
2.970253 -26.372374 2.828906
2.224286 -26.210569 2.732834
1.735764 -26.037066 2.675278
1.118133 -25.767712 2.640330
1.098047 -25.763798 3.027130
0.502685 -25.637358 2.993546
-0.108616 -25.499962 3.042667
-0.700224 -25.366444 2.929915
-1.419166 -25.130428 2.834681
-2.173848 -24.853167 2.799454
-2.928425 -24.695692 2.941394
-3.694235 -24.581270 2.963861
-4.428739 -24.452225 2.890274
-5.132042 -24.277380 2.828216
-5.948440 -24.067297 2.869699
-6.615195 -23.880236 2.811301
-7.371468 -23.743343 2.905918
-8.086939 -23.547892 2.806610
-8.798376 -23.318359 2.909590
-9.508386 -23.138409 2.881907
-10.216264 -22.976324 2.935343
-10.912843 -22.814032 2.887606
-11.626634 -22.625717 2.890626
-12.139379 -22.531464 2.950844
-12.253079 -22.511240 2.499770
-12.347277 -22.426065 1.905374
-12.341268 -22.246063 1.396728
-12.241003 -21.511915 1.449651
-12.190509 -20.781952 1.495063
-12.157322 -20.058239 1.530130
-12.170132 -19.246880 1.587294
-12.211212 -18.326469 1.629260
-12.293721 -17.561403 1.723288
-12.331514 -17.410679 1.386159
-12.194060 -16.686167 1.331991
-12.041709 -15.826474 1.421851
-11.973971 -15.014271 1.489760
-11.996811 -13.939154 1.542136
-12.083632 -13.236545 1.525265
-11.897202 -12.791060 1.091290
-11.547119 -12.012798 1.073506
-11.282774 -11.107000 1.267370
-11.041609 -10.196733 1.266965
-10.830834 -9.272953 1.304265
-10.605601 -8.357452 1.272082
-10.406114 -7.436193 1.324814
-10.236780 -6.511943 1.412878
-10.106884 -5.586339 1.362451
-9.942051 -4.760566 1.325525
-9.763132 -3.907377 1.306780
-9.547028 -3.087193 1.279517
-9.333535 -2.203742 1.297500
-9.088869 -1.332385 1.252873
-8.868244 -0.450825 1.328798
-8.744612 0.072552 1.402825
-8.660069 0.622007 1.441789
-8.564779 1.155893 1.402377
-8.468772 1.699720 1.407082
-8.308852 2.234710 1.307334
-8.234359 2.509702 1.334102
-8.252177 2.464829 0.855753
-8.271090 2.395334 0.285198
-8.115095 2.372435 -0.181540
-7.582768 2.261625 -0.207412
-6.842633 2.107532 -0.172480
-6.109032 1.994423 -0.148441
-5.370092 1.907460 -0.051142
-4.674032 2.008709 -0.104781
-3.987010 2.118358 -0.015370
-3.268174 2.231946 -0.100073
-2.634796 2.336001 -0.090554
-1.923550 2.435485 -0.093823
-1.332853 2.492587 -0.205756
-0.859781 2.394651 -0.177786
-0.394977 2.185899 0.811382
-0.836748 1.616638 1.849126
-1.142100 0.753534 2.826993
-1.373256 0.661909 -2.417955
-1.410180 -0.344462 -1.418543
-1.501841 -0.250164 -0.452064
-0.999086 -0.284225 -0.031403
0.047030 -0.286589 -0.024739
0.598111 -0.316679 -0.062120
1.120924 -0.350790 -0.057165
1.660170 -0.410088 -0.100737
2.189398 -0.470239 -0.127095
2.708651 -0.562488 -0.170589
3.290201 -0.668395 -0.160707
3.958072 -0.835295 -0.177008
4.610700 -0.988562 -0.127013
5.218185 -1.104582 -0.139558
5.854449 -1.248959 -0.115238
6.479111 -1.362567 -0.125089
7.162154 -1.519563 -0.142982
7.237141 -1.528643 -0.087461
7.009729 -1.479361 -0.525290
7.536372 -1.833090 -0.572066
8.103910 -2.299235 -0.736380
8.700354 -2.962132 -0.783000
9.292789 -3.751595 -0.971606
9.819062 -4.669216 -1.099804
10.248864 -5.735888 -1.197843
10.630970 -6.811024 -1.247593
11.000972 -7.915502 -1.277256
11.344173 -9.042449 -1.327248
11.481668 -9.799120 -1.368099
11.603782 -10.570686 -1.400922
11.706002 -11.360713 -1.434889
11.787006 -12.127906 -1.493402
11.836839 -12.963067 -1.519749
11.865359 -13.822690 -1.544882
11.868276 -14.557848 -1.589123
11.837780 -15.307343 -1.618605
11.791615 -16.062416 -1.677456
11.680412 -16.839775 -1.738143
11.544998 -17.623457 -1.758058
11.378451 -18.417482 -1.811265
11.184711 -19.115505 -1.797006
10.863419 -20.061634 -1.849795
10.660662 -20.892857 -1.942725
10.406069 -21.662912 -1.946043
10.172004 -22.433268 -1.939414
9.934894 -23.227236 -1.920102
9.685614 -24.053881 -1.927817
9.450885 -24.897137 -1.889332
9.244880 -25.383776 -1.906299
9.047084 -25.867706 -1.911041
8.819580 -26.354139 -1.970677
8.568613 -26.850954 -1.996820
8.311215 -27.338305 -2.004858
8.172156 -27.584356 -2.044579
8.181959 -27.563175 -2.551911
7.935085 -27.599798 -3.103275
7.627129 -27.492559 3.119844
6.756794 -27.352942 2.946833
5.844321 -27.204239 2.903883
4.969786 -26.994295 2.944139
4.136146 -26.812874 2.911483
3.318423 -26.643490 3.002715
2.548353 -26.508663 2.975129
1.766168 -26.364672 3.025741
0.982590 -26.220568 2.980352
0.324038 -26.237463 -3.134830
-0.067603 -26.179855 2.797498
-0.341885 -26.111992 2.922612
-0.498698 -26.069361 2.894641
-0.165895 -26.110575 2.965914
-0.523994 -25.901222 2.541507
-1.123001 -25.542059 2.643755
-1.746961 -25.216984 2.599123
-2.051950 -25.047962 2.593510
-2.505016 -25.009514 2.998572
-3.257339 -24.953903 3.067943
-4.010174 -24.939875 3.034032
-4.749401 -24.863985 2.964962
-5.411351 -24.655901 2.744902
-6.038399 -24.434343 2.828244
-6.723387 -24.270924 2.865890
-7.429555 -24.079926 2.864680
-8.151674 -23.936438 2.936432
-8.861012 -23.790987 2.883473
-9.555655 -23.599648 2.812847
-10.248719 -23.414812 2.921107
-10.837028 -23.315130 2.954344
-10.831522 -23.322187 -3.133833
-10.859246 -23.322023 2.562804
-11.201350 -22.869360 2.141407
-11.561831 -22.330603 2.151890
-11.935222 -21.764091 2.143013
-12.300044 -21.184977 2.104123
-12.352000 -21.109003 2.188286
-12.352403 -21.003891 1.706570
-12.368477 -20.493000 1.586665
-12.399781 -19.902916 1.657184
-12.565292 -18.932840 1.696469
-12.723871 -18.007851 1.686197
-12.700027 -17.698938 1.371459
-12.546095 -16.795099 1.375197
-12.419647 -15.913084 1.384722
-12.329230 -15.027084 1.476087
-12.302992 -14.112867 1.490458
-12.160365 -13.279916 1.352958
-11.995960 -12.202567 1.324792
-11.733225 -11.371143 1.213795
-11.483770 -10.522384 1.241781
-11.290444 -9.617660 1.351550
-11.064483 -8.745971 1.234766
-10.845212 -7.866498 1.292822
-10.726893 -6.943018 1.502664
-10.690530 -6.033888 1.525490
-10.539918 -5.132502 1.352778
-10.394434 -4.230981 1.466535
-10.334225 -3.370339 1.440690
-10.126205 -2.438797 1.351838
-9.931233 -1.833555 1.292609
-9.699456 -1.199387 1.293923
-9.435917 -0.537984 1.195940
-9.132014 0.151747 1.240988
-8.878964 0.808188 1.240826
-8.596505 1.486832 1.278870
-8.439769 2.014943 1.311153
-8.295922 2.518842 1.377355
-8.304807 2.457636 1.287079
-8.303342 2.459554 0.707960
-8.176902 2.508549 0.143488
-7.521916 2.438090 -0.063843
-6.683388 2.366223 -0.037705
-6.086229 2.292920 -0.098956
-5.449247 2.181655 -0.125652
-4.806587 2.059010 -0.125982
-4.128994 1.895628 -0.236686
-3.382899 1.630617 -0.277850
-2.629420 1.355668 -0.283099
-1.904590 1.085351 -0.290664
-1.204795 0.806909 -0.234251
-0.597530 0.647789 -0.193745
0.007900 0.469243 -0.251760
0.390992 0.350014 -0.270135
0.462905 0.293214 -0.263514
1.042695 0.096140 -0.249086
1.594365 -0.000475 -0.054499
2.282680 -0.035418 -0.071322
2.981974 -0.110710 -0.106584
3.670063 -0.201297 -0.160531
4.365242 -0.287807 -0.065647
5.051661 -0.338975 -0.099667
5.392244 -0.380535 0.077960
5.409783 -0.372126 1.074780
5.409396 -0.205968 1.575132
5.387709 0.367315 1.617179
5.356532 0.938918 1.615067
5.303922 1.514642 1.665928
5.232455 2.092911 1.674897
5.126686 2.677156 1.767657
5.049768 2.985547 1.836963
5.004942 2.869324 2.798662
4.813643 2.798165 -2.452109
4.740560 2.665184 -1.462865
4.699409 2.709076 -0.477316
4.566248 2.758248 0.177764
4.382645 2.749954 -0.353950
4.320778 2.799323 -0.953516
4.330035 2.747843 -1.581344
4.276573 2.032747 -1.629183
4.223334 1.380671 -1.695636
4.130170 0.738002 -1.725236
4.030073 0.094715 -1.749779
3.898567 -0.546063 -1.778391
3.857803 -0.733234 -1.724282
3.774911 -0.762372 -0.708033
3.712942 -0.763344 0.250155
3.660549 -0.800842 1.160104
3.660258 -0.781466 2.106678
3.698964 -0.796411 3.094319
3.776031 -0.716732 -2.140910
3.760966 -0.690788 -1.123057
3.925548 -0.771841 -0.490664
4.573056 -1.072505 -0.389436
5.185681 -1.262405 -0.256656
5.809067 -1.432212 -0.265158
6.070701 -1.499450 -0.291070
6.072101 -1.500469 -0.934314
6.077353 -1.585931 -1.489399
6.120558 -2.181711 -1.504643
6.145207 -2.806930 -1.543419
6.167227 -3.603620 -1.561713
6.164738 -3.876597 -1.589348
6.164320 -3.876796 -1.875048
6.162376 -3.879244 -2.536135
6.166812 -3.878033 -3.135511
6.164395 -3.878406 2.431317
6.159867 -3.872344 1.859946
6.162250 -3.848108 1.211147
6.170931 -3.833991 0.599773
6.176375 -3.831501 -0.010183
6.178055 -3.832171 -0.184320
6.188159 -3.829190 0.740815
6.262795 -3.580042 1.278227
6.352702 -3.292132 1.273327
6.260723 -2.956106 1.891991
6.185077 -2.666637 1.398384
6.295961 -2.522757 0.848050
6.725804 -2.041957 0.851682
7.127894 -1.607115 0.804571
7.118383 -1.624967 0.553728
7.137513 -1.619004 -0.032131
7.182682 -1.634041 -0.576572
7.681483 -1.980162 -0.603252
8.224725 -2.337502 -0.600177
8.777864 -2.735292 -0.659951
9.097153 -2.987556 -0.695859
9.023478 -2.956781 -0.016787
8.987440 -3.000076 0.662738
9.425230 -2.657840 0.710159
9.819813 -2.290425 0.787595
10.186945 -1.890715 0.898838
10.280992 -1.790858 1.040091
10.255297 -1.866630 2.062482
10.375814 -1.915563 3.069595
10.467360 -1.792447 -2.230071
10.508162 -1.684066 -1.178877
10.675780 -1.866707 -0.946379
11.247854 -2.312943 -0.606438
12.157297 -2.901417 -0.614250
13.046985 -3.551474 -0.714127
13.503964 -3.859526 -0.271730
13.410137 -3.851493 0.078700
13.404815 -3.852025 1.055026
13.535446 -4.500234 2.227514
13.766627 -4.536003 -3.125263
13.758238 -4.682645 -2.815114
13.497904 -4.956895 -2.830316
13.327232 -5.042656 -2.856689
13.045791 -5.428753 -2.681199
12.735217 -6.076466 -2.408590
12.039352 -7.184402 -2.376622
11.491827 -7.787283 -2.471809
10.818738 -8.233789 -2.742998
10.118231 -8.609227 -2.780063
9.442432 -8.924558 -2.862675
9.393133 -8.998333 -2.336066
9.434101 -9.089493 -1.369877
9.646026 -9.529892 -1.245682
9.963417 -10.247224 -1.286744
10.130486 -10.631085 -1.389706
10.181194 -10.722953 -2.024960
10.187274 -10.831548 -2.621293
9.542062 -11.151205 -2.828637
8.798194 -11.463380 -2.912043
8.046089 -11.760381 -2.812631
7.306360 -12.101474 -2.806127
6.938122 -12.312735 -2.862018
6.577925 -12.308682 2.995189
6.049264 -12.270864 2.948968
6.021076 -12.306709 -2.905179
6.051009 -12.335994 -2.690387
6.060494 -12.434841 -1.726264
6.056240 -12.541618 -0.491614
6.047638 -12.549448 -0.147655
6.031871 -12.561493 -0.148027
5.991018 -12.633326 -0.137059
5.974153 -12.646226 -0.146939
5.994234 -12.658883 -0.144550
6.761230 -12.713916 -0.150499
7.510178 -12.799009 -0.191468
7.902375 -12.861497 -0.237582
7.863770 -12.862936 -0.185697
7.888609 -12.864353 -0.817802
7.962613 -12.896488 -1.495516
7.958797 -13.624825 -1.723865
7.957708 -14.475054 -1.752221
7.896305 -15.324880 -1.761018
7.867927 -16.184616 -1.753040
7.769027 -16.679499 -1.782912
7.749297 -16.616455 -2.217601
7.796698 -16.522385 -2.859095
7.888111 -16.475777 2.803664
7.940436 -16.484131 2.175877
7.913620 -16.442917 1.610478
7.897820 -16.358082 1.020487
7.937182 -16.262705 0.363973
7.988184 -16.183332 0.566330
8.004857 -16.071459 1.199388
8.195953 -15.290451 1.217294
8.366729 -14.494969 1.319300
8.490087 -13.702456 1.333731
8.554646 -13.102611 1.377190
8.532053 -13.040192 1.000545
8.535205 -12.958271 0.380221
8.903674 -12.912300 -0.040501
9.560766 -12.934857 -0.062560
10.259911 -12.980778 -0.128290
10.649793 -13.034157 -0.216912
10.691018 -13.039480 -0.864840
10.761789 -13.119001 -1.474979
10.759965 -13.719977 -1.733117
10.682108 -14.570704 -1.821880
10.580466 -15.300248 -1.862643
10.578234 -15.421811 -1.024745
10.885662 -15.523726 -0.348093
11.559640 -15.720405 -0.340450
12.204123 -15.935657 -0.395761
12.873030 -16.187815 -0.438453
13.585609 -16.468569 -0.473292
14.267683 -16.803579 -0.555509
14.794246 -17.073414 -0.536006
14.820794 -17.076078 -0.734933
14.847819 -17.106445 -1.365805
14.849186 -17.113527 -2.004585
14.848628 -17.097488 -2.634133
14.867869 -17.081350 3.076289
14.889284 -17.071497 2.426198
14.898866 -17.083090 1.867669
14.897386 -17.090570 1.241695
14.894054 -17.079000 0.788257
14.892529 -17.063843 1.351269
14.889466 -17.044531 2.354906
14.912108 -17.042114 2.691730
14.937358 -17.039698 2.686729
14.483393 -16.831495 2.722683
13.774383 -16.592617 2.720316
13.066662 -16.325085 2.729539
12.343221 -16.096642 2.757245
11.617627 -15.865469 2.792526
11.043251 -15.726954 2.821937
10.981742 -15.760054 -2.978243
10.961294 -15.841275 -2.045699
10.944876 -16.171383 -1.744167
10.848100 -16.923517 -1.800024
10.719184 -17.684908 -1.861576
10.638433 -18.628038 -1.761616
10.577926 -19.545118 -1.648546
10.547037 -20.415718 -1.736393
10.459335 -21.354313 -1.837519
10.301837 -22.361847 -1.851850
10.318526 -23.099152 -1.514542
10.468549 -23.960852 -1.588325
10.540773 -24.971701 -1.674120
10.594523 -25.703232 -1.692093
10.626128 -25.947567 -0.832142
10.832345 -26.041895 -0.209414
11.450660 -26.223768 -0.361750
12.081555 -26.491707 -0.439357
12.712270 -26.802330 -0.451108
13.402482 -27.106916 -0.506356
13.800123 -27.303102 -0.519253
13.908684 -27.453289 0.361428
13.936666 -27.650915 1.568580
14.053579 -27.744602 2.530089
13.907951 -27.726568 2.757851
13.113216 -27.525070 2.759172
12.353848 -27.304661 2.774594
11.566648 -27.148708 2.801610
10.778488 -26.988621 2.824096
10.069537 -26.861214 2.805999
9.791583 -26.819441 -3.083570
9.762775 -27.028866 -2.088485
9.763653 -27.728434 -1.827893
9.644151 -28.559395 -1.840577
9.508462 -29.347021 -1.886836
9.371781 -30.098904 -1.866053
9.215392 -30.889450 -1.926653
9.014045 -31.713163 -1.961886
8.762631 -32.546612 -2.036976
8.525743 -33.453384 -2.069629
8.235682 -34.374321 -2.103208
7.909270 -35.280243 -2.185945
7.808571 -35.720551 -2.137856
7.893500 -35.811394 -1.146250
7.959081 -35.812077 -0.484951
7.994072 -35.804749 -0.487388
8.456651 -35.913830 -0.359027
9.237358 -36.117836 -0.418637
9.966669 -36.345985 -0.446891
10.762295 -36.628105 -0.512433
11.541321 -36.967415 -0.605676
12.317338 -37.273338 -0.443239
13.131708 -37.470779 -0.386976
13.299869 -37.502533 -0.416037
13.293316 -37.513653 0.222690
13.319671 -37.597218 1.291990
13.440220 -37.736092 2.121347
13.417700 -37.748165 -3.137258
13.383847 -37.822922 -2.211746
13.440965 -37.944542 -1.402858
13.519466 -38.034763 -1.881245
13.539113 -38.153759 -2.505864
13.509865 -38.213913 -3.136586
13.352012 -38.137562 2.570646
12.600519 -37.776237 2.535280
11.864018 -37.426563 2.623783
11.080619 -37.152100 2.757956
10.212719 -36.963787 2.717169
9.377604 -36.792789 2.798558
9.322553 -36.811283 2.392222
9.259347 -36.817299 1.891985
9.182777 -36.805168 2.397872
8.870370 -36.834446 3.042108
8.047982 -36.766121 2.850617
7.181669 -36.680687 2.899577
6.582768 -36.713829 2.835663
7.355869 -36.358498 -2.678894
6.514087 -37.303379 -1.860317
6.483401 -38.084454 -1.799614
6.458938 -38.917408 -1.839798
6.387566 -39.731209 -1.836212
6.713323 -40.733025 -1.888801
6.584653 -41.191761 -2.139258
6.758060 -41.879070 -1.870829
7.263303 -41.974476 -0.948006
7.395602 -41.921547 0.026710
7.152510 -41.971092 1.050706
6.888067 -41.870861 2.019326
6.627421 -41.734261 1.653482
6.139320 -40.728844 1.667335
5.592666 -39.754734 1.740932
4.995828 -38.816532 1.781682
4.357391 -37.902412 1.823044
3.881459 -37.415863 1.900460
3.610615 -37.348671 2.738593
2.613980 -37.312054 2.855560
1.635754 -37.367558 2.952546
0.653410 -37.508533 2.978145
-0.351228 -37.630638 2.983453
-1.426649 -38.007690 3.057931
-2.515299 -38.442795 3.124251
-3.578786 -38.976070 3.118956
-4.660838 -39.500904 3.111609
-5.246252 -39.901020 -2.973649
-5.147800 -40.534229 -2.019972
-4.801055 -41.802376 -1.793898
-4.350085 -43.012138 -1.820525
-3.950599 -44.344749 -1.862810
-3.873120 -45.373734 -1.904908
-3.800254 -46.093079 -1.970113
-3.734038 -46.148155 -1.160375
-4.032997 -46.318691 -0.137890
-4.095433 -46.768223 0.880376
-4.211976 -46.415482 1.654361
-4.455982 -45.531872 1.408665
-4.697482 -44.532242 1.490332
-5.023618 -43.545959 1.531135
-5.244900 -42.630142 1.448304
-5.456179 -42.022736 1.490843
-5.579920 -41.960571 1.823987
-5.727286 -42.060337 2.750025
-6.785912 -42.090191 2.751410
-7.659192 -42.110924 2.752752
-7.731620 -42.225166 -3.069805
-7.734376 -42.277962 -2.037911
-7.693531 -42.978745 -1.735323
-7.629223 -43.891064 -1.787305
-7.645268 -44.925278 -2.010492
-7.705133 -45.984501 -2.003730
-7.760776 -46.989986 -2.007675
-7.847546 -48.016487 -2.105983
-7.651960 -47.590904 -2.159921
-7.443399 -47.288956 -2.237822
-7.365842 -47.472477 -2.780826
-7.533427 -47.743229 2.852983
-7.781812 -47.912876 2.187521
-7.988410 -47.936779 1.562871
-7.898821 -47.415943 1.146091
-7.685704 -46.499325 1.040480
-7.482650 -45.578636 1.106086
-7.353553 -44.681095 1.184595
-7.300720 -43.897820 1.198234
-7.249212 -43.937489 1.856666
-7.489827 -44.065147 2.931287
-8.562337 -43.970509 2.966312
-9.674240 -43.950413 2.853238
-10.882855 -44.039486 2.863285
-12.233931 -44.239841 2.807777
-13.143559 -44.448860 2.774956
-14.380925 -44.631111 2.855245
-15.634633 -44.809322 2.790789
-16.870241 -44.988708 2.788555
-18.116539 -45.153404 2.752858
-19.129448 -45.358597 2.666490
-19.635225 -46.663372 -2.911778
-18.287823 -48.684006 -2.025761
-18.037165 -49.875885 -1.739568
-17.575222 -50.916351 -1.457385
-16.972965 -51.794533 -1.294491
-16.426748 -52.658405 -1.633971
-16.125256 -53.844795 -1.890884
-15.898480 -54.188488 -1.089425
-16.137238 -54.428844 -0.061350
-15.962394 -54.812508 0.971882
-15.990065 -54.376659 1.484787
-16.146879 -53.544411 1.478346
-16.303915 -52.637421 1.462831
-16.719740 -51.713848 1.732401
-17.682264 -50.808132 1.724870
-18.449953 -50.042610 1.652824
-18.800097 -49.980499 2.250936
-19.267965 -50.274963 2.902929
-20.432037 -50.698524 2.972787
-21.512959 -51.223480 3.075099
-22.063667 -52.010361 -2.685905
-20.730028 -52.759449 -1.830404
-20.612764 -53.734459 -1.787155
-20.491560 -54.635292 -1.778029
-20.368862 -55.576649 -1.748897
-20.194225 -56.563156 -1.772078
-20.139446 -57.538700 -1.830968
-20.190807 -57.977337 -1.776115
-20.481243 -56.921623 -1.863952
-20.686323 -56.373360 -1.992459
-20.872837 -56.013802 -2.636379
-20.795721 -55.507557 3.042234
-20.501240 -55.263912 2.422990
-20.282742 -55.215237 1.811137
-20.489216 -54.799351 1.369348
-20.808899 -53.799801 1.435516
-21.137346 -53.102577 1.787783
-21.428835 -52.408623 1.755258
-21.837448 -51.695808 1.788286
-22.082693 -51.327011 1.924056
-22.289949 -51.408726 2.986464
-22.882700 -51.818745 -2.859559
-23.567196 -52.233383 -3.006977
-24.495028 -52.749954 -3.043576
-25.450891 -53.230618 -3.055916
-26.336132 -53.714214 -3.027902
-27.152655 -54.214447 -2.952373
-27.752325 -54.586494 -2.978486
-27.743546 -54.521240 -2.440094
-28.004301 -54.497757 -1.392670
-28.264986 -54.477509 -0.551500
-28.260479 -54.459023 0.254197
-28.264505 -54.351204 1.286805
-28.438677 -54.185307 1.036522
-28.031050 -53.617695 0.385003
-27.314018 -52.802532 0.499357
-26.701393 -51.902275 0.552185
-26.218197 -51.013046 0.609765
-25.630976 -50.213909 0.491807
-25.000767 -49.369106 0.522739
-24.423756 -48.439201 0.536788
-24.018587 -46.941715 0.607231
-23.655907 -45.642681 0.337447
-23.490942 -45.229172 -0.184801
-23.445105 -45.191093 -0.826168
-23.674051 -45.174461 -1.158867
-24.077253 -45.122757 -1.721583
-24.176121 -45.161304 -2.320203
-24.277460 -44.511894 -2.882336
-24.862413 -44.343666 3.117029
-25.581360 -44.180111 2.923193
-26.613232 -44.426750 3.029421
-27.649891 -44.706432 2.893483
-28.683130 -44.896919 2.979512
-29.940304 -45.046230 2.804672
-30.982042 -45.148815 2.878926
-32.017967 -45.256763 2.818880
-33.063671 -45.361370 2.885580
-33.174515 -45.459476 2.950737
-33.107117 -45.714348 -2.248181
-32.922501 -45.829758 -1.184776
-32.918114 -45.843887 -0.553905
-32.492805 -45.874283 -0.101991
-31.584076 -45.761288 -0.071919
-30.667770 -45.663654 -0.070696
-29.759701 -45.522545 -0.012742
-28.876900 -45.346920 0.025503
-27.941174 -44.994453 0.036860
-27.763737 -44.924385 0.481693
-27.787277 -44.924713 1.474922
-28.086878 -44.080235 1.551958
-28.406637 -43.163574 1.518858
-28.426334 -43.148598 2.115828
-28.453728 -43.162941 2.913344
-29.413996 -43.319225 2.931392
-30.432800 -43.396736 2.872691
-31.274918 -43.527161 2.934886
-31.278666 -43.538151 2.564273
-31.313776 -43.541473 1.908922
-31.337307 -43.529533 1.289654
-31.341942 -43.505093 0.748061
-31.339048 -43.505421 0.152189
-30.504763 -43.355988 -0.324774
-29.471649 -43.318874 -0.361068
-28.536434 -43.349319 -0.430508
-28.432568 -43.364441 -0.003288
-28.436140 -43.347069 0.920198
-28.609175 -42.922867 1.557759
-28.953230 -41.939774 1.453085
-29.270718 -40.923580 1.514934
-29.540134 -39.893040 1.351079
-30.119175 -38.481430 1.413172
-30.787537 -36.969257 1.221718
-31.613020 -35.247849 1.335238
-32.109962 -33.988422 1.491806
-32.795326 -32.663078 1.397264
-32.033939 -32.385609 1.485937
-31.015278 -32.802841 1.640028
-33.711010 -35.313820 2.564682
-34.762379 -35.503113 2.855894
-35.544792 -35.661930 2.827513
-35.570118 -35.704666 -2.818371
-35.634056 -35.673080 -1.821200
-35.733936 -35.683323 -0.893278
-35.738823 -35.724373 -0.173264
-34.783016 -35.291512 -0.017820
-33.786922 -34.902508 -0.086529
-33.683605 -34.890305 0.470498
-33.746262 -34.830479 1.333088
-34.089157 -33.831417 1.417028
-34.480015 -32.904099 1.437326
-34.584431 -32.888050 2.276355
-35.000332 -33.004265 2.889487
-36.092602 -33.289165 2.946990
-37.164898 -33.622780 2.924902
-38.337738 -34.209454 2.941386
-38.850895 -34.579647 2.808874
-39.028275 -34.778172 2.230995
-39.350063 -34.397873 1.796685
-39.976086 -33.578991 1.792674
-40.217815 -33.257675 1.767350
-40.069050 -33.291271 1.206089
-39.857544 -33.439072 0.608006
-39.702621 -33.762188 0.108739
-39.816685 -34.051682 -0.530643
-39.932537 -34.138096 -1.091874
-39.288216 -34.711765 -1.162405
-38.448704 -35.404827 -1.065967
-38.061230 -35.728756 -0.365254
-36.582375 -34.664650 -0.315788
-35.103699 -33.526970 -0.240610
-35.414299 -32.651009 0.195558
-35.460426 -31.636978 0.863886
-35.879833 -30.806023 1.131270
-36.300385 -29.412462 1.189244
-36.767406 -28.076038 1.266043
-37.260365 -26.793852 1.353271
-37.842453 -25.624891 1.438382
-38.490704 -24.508085 1.495719
-39.017063 -23.316576 1.330932
-39.534801 -22.124458 1.387022
-40.143360 -20.978312 1.463876
-40.781620 -19.912617 1.506202
-40.823647 -19.637732 1.792916
-40.948570 -19.887188 2.738354
-42.049446 -20.322763 2.881468
-43.253967 -20.579262 2.739185
-44.424438 -20.853218 2.733804
-44.570904 -21.060869 -2.823726
-44.427380 -21.252514 -1.856151
-44.551243 -21.332481 -0.871762
-44.658440 -21.514454 0.040249
-44.601742 -21.795458 0.715726
-44.522381 -22.063625 0.041441
-44.252178 -22.252394 -0.451599
-43.303699 -22.415787 -0.439049
-42.347507 -22.582821 -0.481473
-41.474796 -22.765112 -0.466420
-42.611835 -25.048357 0.269043
-41.141346 -25.640560 1.156346
-41.070724 -24.521320 1.091585
-41.022518 -23.319153 1.079459
-40.959099 -22.204878 1.270188
-40.902580 -21.117153 1.248418
-40.850399 -20.039310 1.314424
-41.053104 -18.996956 1.278803
-41.238106 -17.939968 1.274488
-41.377373 -16.927692 1.232141
-41.517235 -15.943609 1.232780
-41.567863 -15.503040 1.375934
-41.536953 -15.496051 2.448600
-41.541702 -15.459093 -3.043463
-41.563786 -15.470634 -2.084325
-41.512722 -15.505243 -1.030314
-41.451244 -15.476782 -0.153373
-41.416656 -15.439578 -0.365380
-41.352348 -15.417741 -0.917732
-41.286991 -15.431254 -1.523798
-41.154640 -15.846286 -1.748320
-40.906204 -16.790810 -1.746787
-40.611588 -17.828379 -1.750834
-40.345970 -18.874815 -1.761666
-40.062828 -19.920902 -1.756263
-39.822113 -20.968109 -1.779305
-40.258320 -21.012867 -1.292123
-40.219837 -20.966711 -0.358636
-39.592152 -20.488344 -0.001341
-38.547421 -19.874477 -0.093208
-37.483749 -19.346621 -0.079905
-36.474361 -18.793503 -0.110557
-35.458633 -18.308659 -0.112693
-34.439205 -17.774458 -0.120134
-33.524349 -17.832445 -0.160103
-32.608685 -17.892933 -0.168346
-31.692007 -17.987963 -0.220686
-30.990795 -18.133398 -0.225024
-30.911156 -18.546629 0.635554
-30.768887 -18.452038 1.560202
-31.028282 -17.481363 1.501831
-31.241707 -16.527639 1.469302
-31.372309 -15.617680 1.466061
-31.599995 -14.714398 1.521179
-31.803791 -13.846023 1.516747
-31.759138 -13.633091 1.692955
-31.916147 -13.684781 2.702849
-31.987925 -14.100187 -2.615288
-31.843929 -14.491912 -1.629371
-32.019630 -14.698046 -0.668942
-32.184208 -14.897711 0.006401
-32.313442 -15.218755 -0.574678
-32.457378 -15.384671 -1.142615
-32.501530 -15.421373 -1.737674
-32.041103 -16.535294 -1.898541
-31.627945 -17.675886 -1.984941
-31.347130 -18.138420 -1.603992
-30.578289 -19.135817 -1.552774
-30.052891 -19.869717 -1.664137
-30.005909 -19.802254 -1.657804
-29.392935 -20.971716 -1.900837
-29.004234 -22.287743 -2.086853
-28.735973 -23.140221 -2.149382
-28.669725 -23.148743 -1.557463
-28.827461 -23.331745 -0.521456
-28.944544 -23.666481 0.507827
-28.731226 -23.755827 1.509265
-28.816610 -23.777187 2.422863
-29.648016 -24.197819 2.702676
-30.941525 -24.678822 2.635615
-32.296207 -25.049347 2.602262
-33.648518 -25.501406 2.840688
-34.808563 -26.407930 3.063272
-35.667046 -27.581617 -2.919944
-35.794544 -27.271231 -2.433638
-35.382973 -28.505569 -2.159628
-35.375874 -29.637005 -2.140190
-35.382710 -30.550585 -2.205502
-35.447002 -31.781250 -2.208013
-35.586430 -32.802525 -2.274670
-35.738964 -33.941875 -2.253814
-35.864693 -34.815495 -2.304845
-32.297195 -37.008411 -1.569837
-32.408604 -37.708939 -1.487046
-32.211948 -38.416435 -1.413050
-31.732586 -39.064232 -1.431298
-30.205395 -39.698761 -1.393628
-28.604843 -40.265926 -1.407345
-28.585047 -40.505184 -1.773555
-28.424063 -41.390072 -1.719875
-27.723074 -42.343964 -1.702132
-27.021561 -43.257519 -1.695142
-26.309984 -44.241722 -1.726561
-25.748650 -45.135544 -1.777388
-24.219280 -44.920158 -1.265486
-22.213825 -45.282593 -1.552075
-21.039162 -46.024212 -1.657188
-19.801910 -46.949669 -1.735114
-18.732595 -47.955841 -1.792147
-17.703661 -49.006638 -1.894792
-16.844198 -50.128838 -1.975634
-16.147005 -51.262764 -2.103501
-15.641963 -52.366680 -2.067538
-15.190486 -52.241161 -1.520290
-13.753019 -52.853256 -1.486287
-12.270838 -53.493855 -1.493285
-10.792330 -54.172810 -1.487923
-9.330579 -54.849663 -1.476193
-7.817247 -55.595528 -1.555890
-6.322735 -56.447449 -1.630608
-4.837733 -57.383442 -1.682304
-3.386376 -58.388317 -1.736765
-2.100692 -59.200478 -1.735890
-1.607377 -59.024578 -1.021588
-1.713638 -59.643135 0.065618
-1.473003 -57.289883 0.154579
-0.982261 -55.334389 -0.009200
-0.318394 -53.799263 0.007870
0.529298 -52.212364 -0.052540
1.453312 -50.879993 -0.092042
2.296513 -49.740040 -0.082418
3.246536 -48.489243 0.001167
4.079684 -46.902645 -0.069663
5.065442 -45.889557 -0.126658
5.388234 -45.409805 -0.065922
5.555861 -43.835369 0.251463
5.685575 -41.569569 0.253507
6.109994 -39.545292 0.115770
6.822282 -37.865589 -0.114964
7.810308 -37.017677 -0.189851
8.802963 -36.198418 0.044657
9.520758 -34.532116 0.103927
10.092583 -32.405388 0.115612
10.871726 -30.695328 -0.033318
11.742964 -29.320549 -0.036425
12.661972 -28.145441 -0.136751
13.595045 -27.293575 -0.184846
14.539509 -26.629168 -0.285807
15.527661 -25.782856 -0.191001
16.509098 -24.993042 -0.213782
17.468275 -23.807985 -0.153343
18.326351 -22.305735 0.015051
19.077673 -20.530258 -0.072715
19.942348 -18.959074 -0.109520
20.650671 -18.810118 -0.163072
20.725056 -18.953953 0.707085
20.653074 -18.889086 1.621275
20.250818 -19.005613 1.686154
19.853916 -19.118767 1.689229
18.943407 -18.726896 1.693780
17.668596 -17.998245 1.703172
16.623194 -17.042818 1.422801
15.668679 -15.956383 1.456496
14.649258 -14.916069 1.461879
13.610785 -13.885571 1.474566
12.440906 -12.939184 1.474885
11.197857 -12.038260 1.539355
9.929824 -11.162109 1.535992
8.569209 -10.324018 1.583244
7.184107 -9.510220 1.582129
5.734858 -8.818260 1.610231
4.521951 -8.098685 1.635199
3.164916 -7.458227 1.712778
1.705204 -6.876771 1.741666
0.053958 -6.365051 1.775939
-1.566971 -5.839095 1.726069
-3.069546 -5.246125 1.716936
-4.417603 -4.603092 1.749802
-5.701587 -3.952687 1.756322
-7.023388 -3.328548 1.790045
-8.237664 -2.704164 1.758134
-9.520720 -2.069276 1.782764
-10.769540 -1.461729 1.756735
-11.323668 -0.710240 1.829438
-12.008135 0.003096 1.875935
-12.667250 0.771278 1.826547
-12.964356 1.286776 1.858994
-13.561381 0.307619 2.606514
-15.202903 -0.841430 2.763473
-16.869455 -1.780213 2.446495
-18.481138 -2.249717 2.536583
-20.071356 -2.583007 2.347525
-21.532001 -2.831873 2.424752
-23.099209 -3.343137 2.494965
-24.823627 -4.183772 2.568771
-26.617865 -5.399176 2.645880
-28.053040 -6.878724 2.782907
-28.286777 -6.735583 -2.975551
-28.593395 -7.289645 -2.934798
-29.155256 -8.755543 -2.933789
-29.758448 -9.960642 -2.864207
-30.147213 -11.768340 -2.735413
-30.693735 -13.069608 -2.915235
-31.227846 -14.444251 -2.851680
-31.823120 -16.019613 -2.881068
-32.476120 -17.095898 -2.923832
-33.186260 -17.911772 -2.908679
-33.858501 -18.948143 -2.846472
-34.570332 -19.960041 -2.863718
-35.276741 -21.008121 -2.913878
-35.357761 -21.356644 -2.930694
-35.329376 -21.762283 -2.855356
-36.018017 -22.906023 -2.844988
-36.630642 -24.210375 -2.848874
-36.771801 -24.920135 -2.864298
-36.095287 -25.964937 -2.029653
-33.929947 -26.149935 -1.520132
-31.322918 -26.907518 -1.563857
-30.591928 -27.878073 -1.653336
-29.885399 -28.959171 -1.715387
-29.197186 -30.071095 -1.717924
-28.523560 -31.204262 -1.769416
-28.260740 -31.502764 -1.991478
-28.097157 -31.670677 -2.625345
-28.140419 -31.832047 3.073399
-28.919525 -32.251434 2.826056
-30.073467 -33.057426 2.909845
-31.347538 -33.817078 2.871374
-31.313797 -34.036709 -2.799104
-31.301653 -34.249405 -1.808417
-31.206663 -34.252342 -0.846010
-31.247999 -34.356091 0.098630
-31.072550 -34.488060 1.066784
-30.629831 -34.586025 0.961850
-30.273075 -34.774609 0.590340
-30.192207 -34.952251 0.052145
-29.513603 -34.434650 -0.246959
-28.332279 -33.590256 -0.219983
-27.194620 -32.720146 -0.131663
-26.117172 -31.881172 -0.221572
-25.069714 -31.094910 -0.180588
-24.373224 -30.544014 -0.245896
-24.380257 -30.444239 0.483000
-24.887049 -30.491835 1.502429
-25.036451 -30.741690 2.467339
-25.045925 -30.505127 -2.770493
-24.611862 -30.674274 -1.797627
-23.151491 -31.598093 -1.863544
-21.677168 -32.676868 -1.846321
-20.456198 -33.438431 -1.954470
-20.385044 -33.493240 -2.517270
-20.363443 -33.505329 -3.113494
-20.924276 -33.886433 2.905190
-21.964722 -34.761509 3.027451
-22.943089 -35.623325 2.971348
-22.966116 -35.631599 -2.879146
-22.937838 -35.663170 -2.206326
-22.855907 -35.671314 -2.035964
-22.782494 -35.697269 -2.574929
-23.045979 -36.931095 -2.702378
-23.317476 -38.094982 -2.771447
-23.320375 -38.077358 2.999814
-24.277367 -38.876373 2.964843
-25.311602 -39.751926 2.980571
-25.362318 -40.028133 -2.906885
-25.044706 -40.095734 -2.114361
-24.058140 -41.386421 -2.073680
-23.129433 -42.609676 -2.015678
-22.844582 -42.586205 -2.510540
-22.697613 -43.979702 -2.638292
-22.473675 -44.654388 -2.363484
-22.350464 -44.529430 -1.341197
-22.329548 -44.622116 -0.383170
-22.646275 -44.207596 0.635194
-23.549303 -42.804268 0.880264
-24.458632 -41.340778 0.878752
-25.396524 -39.930714 0.873327
-25.460283 -39.766605 0.782086
-25.489975 -39.752815 0.176084
-24.814779 -38.620369 0.004347
-23.990816 -37.362370 -0.006752
-23.199675 -36.222168 -0.067177
-23.166815 -36.151081 -0.460151
-23.088333 -36.068832 -1.035629
-23.019148 -36.049870 -1.592939
-22.483036 -36.691437 -1.800176
-21.595669 -37.869026 -1.850961
-20.602964 -38.958084 -1.936231
-20.319246 -38.974319 -1.556689
-19.441776 -38.948566 -1.276902
-19.088259 -38.834164 -1.653608
-17.889080 -39.766121 -1.679039
-16.665195 -40.749138 -1.699521
-15.499737 -41.752598 -1.711372
-14.550857 -42.526970 -1.731293
-14.186988 -42.334488 -1.467296
-12.741599 -42.897129 -1.455064
-11.390801 -43.683697 -1.554734
-10.139792 -44.479141 -1.601338
-9.195326 -45.406483 -1.700532
-7.935600 -46.071907 -1.352393
-6.481257 -46.645874 -1.447467
-5.126721 -47.297020 -1.430954
-3.810819 -47.877605 -1.448393
-2.376523 -48.520836 -1.414247
-1.863992 -48.477798 -1.544682
-1.667980 -48.498081 -2.157367
-1.686729 -48.479832 -2.593333
-2.172911 -49.579082 -2.660688
-2.415121 -49.886765 -2.783919
-2.448449 -49.498661 2.939956
-3.515129 -49.774837 2.952362
-4.534277 -50.168709 3.044903
-5.647760 -50.686283 3.052225
-5.870186 -50.476368 -2.902267
-5.672906 -50.050945 -1.871180
-5.382490 -49.994743 -0.908227
-5.298521 -49.552830 0.082306
-4.669526 -48.278301 0.090774
-3.408995 -46.860439 -0.349354
-2.175083 -45.789295 -0.372489
-0.995336 -44.826824 -0.414145
-0.448702 -44.162415 -0.514142
-0.237633 -43.734253 -1.076245
-0.046481 -43.760529 -1.644336
0.653480 -44.249413 -1.832530
1.708660 -45.406376 -1.852984
2.523127 -46.365337 -1.930598
2.733180 -46.373638 -2.418216
2.971648 -46.500233 -2.975199
2.340949 -47.273430 2.935762
1.350688 -48.408619 3.019756
0.405653 -49.534767 2.983779
-0.563828 -50.632599 2.952532
-1.558577 -51.701012 2.966166
-2.469366 -52.857956 3.031630
-3.129053 -54.392712 3.033427
-2.988830 -55.261421 -2.772024
-0.111369 -56.249611 -1.828036
-0.424474 -56.532890 -0.846397
-0.349619 -56.624115 0.183185
-0.386282 -56.564571 1.173383
-1.381837 -56.463768 1.706456
-3.023170 -56.038155 1.651036
-4.586674 -55.550713 1.655318
-6.121477 -55.182468 1.759298
-7.710729 -54.753609 1.623048
-10.337642 -55.072083 1.582097
-12.590330 -55.024399 1.478106
-13.487886 -54.248753 1.395378
-14.437757 -53.500813 1.438578
-15.702209 -52.863045 1.399626
-17.092518 -52.267467 1.424135
-17.668756 -51.256794 1.403337
-17.102232 -50.872330 1.896753
-17.954201 -49.697956 2.841328
-18.884375 -48.762794 -2.530847
-18.510223 -48.779057 -1.703662
-17.155664 -49.496117 -1.699564
-15.678241 -50.239990 -1.675244
-14.267483 -50.952305 -1.750139
-12.894526 -51.786167 -1.756850
-11.551270 -52.677483 -1.848179
-10.380070 -53.689434 -1.907454
-9.027257 -54.739292 -1.934483
-7.744195 -55.816902 -1.918462
-6.476344 -56.918102 -1.952298
-5.235012 -58.014282 -1.911531
-4.487301 -58.432522 -1.908394
-4.087098 -58.319191 -1.046438
-4.091614 -57.691147 -0.304333
-3.050147 -56.245708 -0.267218
-2.077655 -54.745022 -0.183504
-1.133954 -53.249863 -0.201510
-0.233782 -51.740414 -0.118544
0.661594 -50.188686 -0.138617
1.518701 -48.686104 -0.102635
2.698684 -48.254524 -0.071447
3.350156 -48.305241 -0.054943
3.583691 -48.737053 0.896126
2.883213 -48.840168 1.719974
1.254408 -48.361485 1.596466
-0.266405 -47.812626 1.644085
-1.896029 -47.250248 1.700342
-3.562162 -46.755936 1.530460
-5.035891 -45.993458 1.541964
-6.593401 -45.310299 1.798472
-8.273767 -44.895889 1.579461
-9.860328 -44.240803 1.643202
-11.485425 -43.685612 1.692122
-13.174227 -43.225639 1.707020
-14.838591 -42.861362 1.606293
-16.243450 -42.063030 1.445217
-17.604658 -41.300419 1.461550
-19.065393 -40.565224 1.506819
-20.458397 -39.654770 1.401674
-21.930998 -38.782856 1.446078
-23.450989 -37.970306 1.424265
-25.009729 -37.211071 1.422584
-26.483727 -36.204662 1.339301
-27.957167 -35.214611 1.382467
-29.425781 -34.300495 1.452101
-31.091671 -33.184494 1.230045
-32.535030 -32.135216 1.292549
-33.893852 -31.344501 1.518587
-35.292336 -30.540752 1.508423
-36.354843 -29.697508 1.457754
-37.474171 -28.704987 1.488352
-38.540413 -27.878422 1.579090
-38.536308 -27.879959 1.126337
-38.540283 -27.848206 0.529030
-38.529015 -27.822634 -0.030597
-37.564369 -26.898540 -0.213505
-36.503624 -25.927893 -0.199741
-36.324146 -25.761505 -0.216472
-36.324146 -25.761505 -0.217134
