-0.000000 0.000000 0.000000
-0.000000 0.000000 -0.000642
-0.000000 0.000000 -0.001180
0.011002 -0.000975 -0.003562
0.641008 -0.011200 -0.007444
0.696016 -0.011716 -0.098726
0.700269 -0.015435 -0.895998
0.693956 0.004214 -1.511535
0.699263 0.026694 -2.125069
0.716114 0.041123 -2.763139
0.728981 0.043221 2.905515
0.733203 0.040538 2.231236
0.733186 0.041546 1.581762
0.738752 0.059071 0.922264
0.759658 0.073751 0.314025
0.768571 0.074358 -0.210903
1.062493 0.014153 -0.229595
1.663647 -0.133114 -0.260823
2.287001 -0.296479 -0.271000
2.914297 -0.494253 -0.319576
3.508462 -0.685039 -0.313849
4.117725 -0.838248 -0.202371
4.727494 -0.980279 -0.185070
5.365655 -1.025312 -0.077600
5.995975 -1.097245 -0.134604
6.629617 -1.165624 -0.131765
7.237906 -1.266305 -0.172452
7.853128 -1.357893 -0.156771
8.433990 -1.456822 -0.161365
8.812303 -1.514476 -0.130752
8.820831 -1.516752 -0.663222
8.921474 -1.652141 -0.931819
9.288499 -2.167081 -0.950507
9.670486 -2.673552 -0.898376
10.082864 -3.163921 -0.876138
10.506210 -3.646375 -0.840705
10.936865 -4.129674 -0.848225
11.220865 -4.443979 -0.839515
11.219042 -4.441551 -1.159379
11.216128 -4.429096 -1.328870
11.364482 -4.995437 -1.310517
11.519320 -5.586879 -1.341405
11.646924 -6.141757 -1.363039
11.759775 -6.728186 -1.402114
11.856565 -7.314058 -1.437968
11.920511 -7.931794 -1.493810
11.960299 -8.551970 -1.513499
11.989035 -9.172155 -1.555488
11.994068 -9.797112 -1.562327
11.995116 -10.418069 -1.613474
11.949489 -11.007306 -1.658276
11.902065 -11.603478 -1.687536
11.812449 -12.186850 -1.764470
11.719580 -12.744683 -1.752305
11.613038 -13.256904 -1.814592
11.619513 -13.223919 -1.809496
11.619146 -13.225446 -1.799104
11.482539 -13.844099 -1.810679
11.343113 -14.451009 -1.764639
11.220921 -15.057144 -1.788391
11.097975 -15.659606 -1.767176
10.969132 -16.262611 -1.818084
10.824766 -16.822145 -1.778426
10.678587 -17.386456 -1.814085
10.548956 -17.945406 -1.750888
10.419730 -18.502590 -1.802520
10.271691 -19.090340 -1.810794
10.111867 -19.682030 -1.809683
10.006205 -20.129972 -1.825462
10.009514 -20.118956 -1.980419
10.016501 -20.105457 -2.654872
10.039837 -20.103962 2.985589
10.052717 -20.105429 2.976136
10.060238 -20.107231 2.911222
10.060142 -20.107168 2.289387
10.066775 -20.109715 1.937054
10.054734 -20.096582 2.630889
10.050355 -20.094805 2.863874
9.769198 -20.107851 -3.082162
9.151734 -20.151676 -3.087400
8.520149 -20.155416 3.121287
7.896071 -20.133888 3.095308
7.304863 -20.104221 3.040242
6.726333 -20.063137 3.015630
6.176950 -19.986971 2.936716
5.647011 -19.891735 2.943134
5.039894 -19.775213 2.853340
4.593433 -19.644640 2.805313
4.233201 -19.514479 2.775334
4.241656 -19.514683 -3.111931
3.637345 -19.522768 3.140032
3.022471 -19.523197 -3.094219
2.423885 -19.523529 3.073102
1.802449 -19.425390 2.972028
1.180635 -19.291153 2.929069
0.556088 -19.204800 3.070908
-0.053232 -19.154842 3.094527
-0.643906 -19.092808 3.023564
-1.237236 -18.991976 2.965410
-1.947385 -18.867290 3.012175
-2.518104 -18.759247 2.960519
-3.130228 -18.703463 3.063809
-3.747465 -18.625624 2.958498
-4.360433 -18.513096 3.054854
-4.974334 -18.439592 3.021055
-5.587862 -18.377892 3.067531
-6.190547 -18.310112 3.012492
-6.809371 -18.216177 3.008384
-7.263308 -18.170330 3.070141
-7.307562 -18.159323 2.621940
-7.324024 -18.142462 2.031003
-7.324819 -18.061399 1.525516
-7.305464 -17.427490 1.580145
-7.328292 -16.805611 1.627388
-7.365914 -16.192146 1.664388
-7.443356 -15.550787 1.724530
-7.566659 -14.800045 1.768552
-7.706167 -14.190864 1.864054
-7.711001 -14.170302 1.529095
-7.658425 -13.646049 1.475854
-7.610260 -12.984485 1.566097
-7.625745 -12.361894 1.633779
-7.665312 -11.780684 1.690740
-7.692080 -11.601983 1.678676
-7.608758 -11.362552 1.255838
-7.398834 -10.767054 1.245644
-7.274262 -10.149382 1.452694
-7.183898 -9.510227 1.451972
-7.116723 -8.868158 1.489366
-7.039298 -8.229704 1.457730
-6.981654 -7.594151 1.511455
-6.946668 -6.965222 1.600999
-6.940452 -6.346521 1.552323
-6.902051 -5.780930 1.515942
-6.857419 -5.185826 1.498258
-6.784853 -4.607149 1.472659
-6.721746 -3.973612 1.492828
-6.637147 -3.340236 1.451242
-6.574529 -2.709320 1.530978
-6.571416 -2.082695 1.595183
-6.612680 -1.433300 1.624728
-6.630878 -0.798258 1.575319
-6.642979 -0.153257 1.570632
-6.573303 0.484115 1.459076
-6.540092 0.853396 1.475793
-6.534701 0.870677 0.975609
-6.533487 0.877382 0.380362
-6.460859 0.873303 -0.107919
-6.011657 0.816369 -0.144421
-5.353247 0.727593 -0.120145
-4.701683 0.668202 -0.106791
-4.044775 0.625913 -0.022040
-3.418153 0.596722 -0.083162
-2.791658 0.570013 0.009934
-2.168725 0.554799 -0.059963
-1.542132 0.526972 -0.026797
-0.913045 0.518164 0.003644
-0.347361 0.505175 -0.061210
-0.168033 0.493627 -0.044833
-0.175735 0.496336 0.900883
-0.175642 0.496789 1.892894
-0.178515 0.488558 2.827683
-0.168776 0.492291 -2.463363
-0.170004 0.482184 -1.508301
-0.219300 0.548257 -0.518814
-0.047957 0.524597 -0.085531
0.654590 0.477412 -0.071180
1.272290 0.428138 -0.100098
1.861305 0.380024 -0.087798
2.455745 0.309965 -0.124557
3.041628 0.243165 -0.145171
3.599972 0.146623 -0.183578
4.222223 0.041256 -0.169766
4.849759 -0.079945 -0.192555
5.473539 -0.194734 -0.152373
6.088508 -0.285432 -0.177040
6.686489 -0.406029 -0.167401
7.308440 -0.509190 -0.195018
7.928483 -0.655393 -0.233985
8.330902 -0.739369 -0.180787
8.380986 -0.752916 -0.623077
8.820568 -1.071329 -0.674991
9.225877 -1.431574 -0.849173
9.572472 -1.853805 -0.906608
9.904956 -2.361735 -1.048863
10.187132 -2.894915 -1.137418
10.409185 -3.464528 -1.199850
10.609278 -4.012460 -1.218713
10.818109 -4.579085 -1.220360
11.021852 -5.149752 -1.243029
11.216725 -5.749531 -1.272994
11.400477 -6.349062 -1.298186
11.564487 -6.942800 -1.327587
11.696317 -7.489060 -1.384307
11.804231 -8.057788 -1.411897
11.892033 -8.623285 -1.441190
11.967094 -9.246632 -1.482224
12.013260 -9.866343 -1.509953
12.046519 -10.483655 -1.568387
12.026261 -11.091451 -1.630057
11.986754 -11.694333 -1.652159
11.923355 -12.294368 -1.709050
11.865892 -12.799452 -1.689256
11.772917 -13.534165 -1.742425
11.658035 -14.110907 -1.844666
11.495353 -14.673587 -1.854302
11.347461 -15.221155 -1.852573
11.193885 -15.788601 -1.836774
11.026866 -16.388922 -1.846319
10.870855 -16.990652 -1.808148
10.714141 -17.584215 -1.817013
10.571439 -18.181234 -1.814755
10.401068 -18.768225 -1.867632
10.212175 -19.359003 -1.888423
10.018337 -19.936184 -1.892240
9.906818 -20.258724 -1.928055
9.918420 -20.238674 -2.427199
9.943753 -20.235828 -2.969889
9.953418 -20.239462 -3.025908
9.387295 -20.200550 3.088707
8.778646 -20.161755 3.048828
8.135093 -20.099504 3.099195
7.506524 -20.060925 3.073628
6.878308 -20.035711 -3.113132
6.263654 -20.040693 -3.138750
5.645135 -20.039333 -3.088786
5.027581 -20.037615 -3.137528
4.381612 -20.116880 -2.980904
3.862095 -20.108011 2.940745
3.390404 -20.065060 3.062114
3.110391 -20.054106 3.032900
3.330111 -20.071024 3.102471
3.012662 -19.931776 2.676646
2.442058 -19.673414 2.778491
1.861140 -19.449690 2.733904
1.607344 -19.342403 2.728508
1.273807 -19.345816 3.134302
0.649643 -19.364922 -3.078791
0.034642 -19.417061 -3.111799
-0.578651 -19.417961 3.103574
-1.150688 -19.303089 2.885592
-1.692700 -19.174677 2.970983
-2.274246 -19.109604 3.008741
-2.880521 -19.026596 3.007384
-3.505935 -18.982401 3.078645
-4.121261 -18.935865 3.024877
-4.724522 -18.852440 2.953134
-5.328286 -18.773561 3.059933
-5.881862 -18.755875 3.092147
-5.832841 -18.762938 -2.997378
-5.830753 -18.762917 2.696771
-6.158031 -18.421999 2.273195
-6.516810 -18.003702 2.282529
-6.892310 -17.560061 2.272373
-7.261873 -17.104052 2.232029
-7.332543 -17.015640 2.316824
-7.335080 -16.945408 1.836313
-7.402976 -16.442757 1.716055
-7.488736 -15.877021 1.787819
-7.635918 -15.280801 1.828099
-7.772850 -14.728559 1.819515
-7.770796 -14.687126 1.507750
-7.712340 -14.029760 1.514366
-7.674839 -13.407036 1.527882
-7.664746 -12.799479 1.625116
-7.701283 -12.195786 1.645538
-7.657981 -11.612253 1.516801
-7.613866 -10.861364 1.487717
-7.486779 -10.252394 1.377714
-7.372840 -9.634399 1.408246
-7.307406 -9.007445 1.522919
-7.219150 -8.381237 1.413216
-7.141284 -7.751096 1.479407
-7.159086 -7.120346 1.692154
-7.234711 -6.506584 1.716700
-7.231096 -5.897428 1.545992
-7.233099 -5.289566 1.661266
-7.288386 -4.727419 1.636437
-7.255307 -4.085225 1.548542
-7.224667 -3.452744 1.492437
-7.165117 -2.822416 1.494002
-7.082649 -2.187803 1.393210
-6.970141 -1.556415 1.432980
-6.891060 -0.922260 1.425269
-6.786545 -0.295713 1.452769
-6.729839 0.348398 1.472893
-6.672678 0.964874 1.525548
-6.670878 1.008784 1.420078
-6.665556 1.018645 0.808538
-6.647704 1.028438 0.212212
-6.183764 1.022415 -0.014212
-5.538214 1.017696 -0.001232
-4.920455 1.000436 -0.055969
-4.293939 0.957573 -0.079115
-3.670939 0.907582 -0.078506
-3.047097 0.829316 -0.191078
-2.427993 0.686386 -0.236549
-1.811007 0.536406 -0.248305
-1.200749 0.385853 -0.249065
-0.627542 0.232810 -0.188077
-0.038895 0.149717 -0.146185
0.524365 0.052509 -0.205749
0.825653 -0.011333 -0.227083
0.806894 -0.006764 -0.223367
1.306553 -0.120564 -0.214326
1.925916 -0.163583 -0.031220
2.555715 -0.174471 -0.049806
3.195418 -0.222956 -0.087038
3.823612 -0.286838 -0.143169
4.459106 -0.348458 -0.050817
5.087146 -0.379916 -0.087227
5.368756 -0.406691 0.087196
5.365934 -0.408259 1.074771
5.370942 -0.191967 1.569789
5.353014 0.433964 1.609108
5.326411 1.059289 1.604346
5.289190 1.703721 1.654042
5.231749 2.344572 1.662502
5.137830 2.980574 1.755337
5.061619 3.325832 1.825075
5.064631 3.334940 2.788241
5.065145 3.335176 -2.460956
5.066201 3.337228 -1.470220
5.081641 3.321610 -0.483256
5.095087 3.316776 0.172789
5.106452 3.317251 -0.358115
5.127609 3.300117 -0.956847
5.130684 3.282150 -1.583866
5.088193 2.645892 -1.631958
5.040543 2.012608 -1.697884
4.955040 1.395443 -1.727365
4.862949 0.778235 -1.752159
4.741288 0.168659 -1.781392
4.706864 0.014339 -1.728071
4.743212 0.024083 -0.714764
4.806835 0.013804 0.240631
4.852579 0.034869 1.147941
4.855023 0.060141 2.091803
4.854367 0.060582 3.075102
4.868529 0.069697 -2.164739
4.868814 0.068098 -1.151340
4.984757 -0.000945 -0.521730
5.560620 -0.305911 -0.421489
6.139024 -0.507470 -0.289875
6.728177 -0.690852 -0.299277
6.966619 -0.761104 -0.326109
6.953063 -0.756645 -0.971718
6.955492 -0.845315 -1.528904
6.973337 -1.436197 -1.544991
6.971047 -2.055997 -1.584597
6.957835 -2.844392 -1.603621
6.943559 -3.118463 -1.631976
6.941679 -3.127409 -1.918803
6.929836 -3.141906 -2.581769
6.915828 -3.145901 3.100298
6.895345 -3.145153 2.381932
6.889474 -3.134767 1.808876
6.892083 -3.119115 1.158218
6.892977 -3.117844 0.545070
6.881023 -3.122929 -0.066654
6.866097 -3.119966 -0.241732
6.857767 -3.122111 0.680902
6.942745 -2.891077 1.216678
7.045369 -2.622809 1.211053
6.975927 -2.286296 1.827779
6.920305 -1.996801 1.332450
7.028863 -1.873832 0.780241
7.474555 -1.438681 0.783069
7.932743 -1.000682 0.735049
7.953846 -0.975406 0.482905
7.978130 -0.971669 -0.105062
7.984030 -0.974837 -0.651510
8.411260 -1.324087 -0.679209
8.882164 -1.689766 -0.677237
9.359352 -2.093680 -0.738419
9.697243 -2.395822 -0.774980
9.686049 -2.389181 -0.097685
9.736363 -2.355207 0.580080
10.285570 -1.977981 0.626907
10.784731 -1.567910 0.703842
11.250319 -1.121163 0.814717
11.410866 -0.945411 0.955656
11.418060 -0.934291 1.977055
11.410220 -0.928348 2.984550
11.415211 -0.924377 -2.314740
11.416474 -0.922421 -1.263120
11.510801 -1.052372 -1.030280
11.951735 -1.477271 -0.689237
12.431754 -1.854173 -0.690468
12.880692 -2.253445 -0.784572
12.909724 -2.281337 -0.331704
12.766824 -2.268631 0.028742
12.759230 -2.268334 1.027070
12.766148 -2.198752 2.226331
12.738887 -2.183390 -3.105372
12.980670 -2.101854 -2.787002
12.991547 -2.096715 -2.797612
12.990026 -2.096780 -2.819312
13.001609 -2.090347 -2.637220
12.928345 -2.159263 -2.356476
12.483727 -2.606263 -2.318038
12.049936 -3.037901 -2.412868
11.517334 -3.357332 -2.683171
10.962563 -3.624245 -2.719353
10.429910 -3.844660 -2.800689
10.443464 -3.837222 -2.271499
10.447616 -3.801678 -1.301010
10.574161 -4.114089 -1.175609
10.796337 -4.662028 -1.215925
10.883623 -4.919288 -1.318191
10.883445 -4.894212 -1.951917
10.897047 -4.867973 -2.546798
10.402493 -5.082314 -2.752960
9.824033 -5.296061 -2.835074
9.239233 -5.498664 -2.733954
8.641148 -5.748868 -2.726662
8.359021 -5.882089 -2.781557
8.067810 -5.872880 3.077749
7.629580 -5.839781 3.032889
7.633890 -5.838695 -2.818718
7.688102 -5.813153 -2.602130
7.690958 -5.808366 -1.633314
7.688185 -5.812406 -0.392592
7.692320 -5.812717 -0.046444
7.691072 -5.812941 -0.045606
7.684179 -5.817007 -0.033399
7.682803 -5.817243 -0.042047
7.713985 -5.818271 -0.038456
8.375050 -5.827006 -0.043519
9.019018 -5.864069 -0.083875
9.360072 -5.898176 -0.129553
9.336396 -5.895787 -0.077216
9.347545 -5.899487 -0.708243
9.352616 -5.906204 -1.384818
9.325470 -6.443446 -1.612616
9.304402 -7.084468 -1.640642
9.237627 -7.723265 -1.649152
9.196520 -8.371624 -1.640932
9.152461 -8.841516 -1.670747
9.150730 -8.848431 -2.105321
9.157508 -8.842887 -2.746665
9.174867 -8.840838 2.916254
9.183555 -8.845356 2.288643
9.183750 -8.848009 1.723408
9.186341 -8.832938 1.133573
9.191597 -8.827705 0.477226
9.190346 -8.828502 0.679670
9.201415 -8.806073 1.312874
9.340707 -8.182627 1.330660
9.462644 -7.544985 1.432306
9.545745 -6.907458 1.446238
9.590406 -6.436940 1.489011
9.590434 -6.436563 1.111152
9.587228 -6.442566 0.489145
9.848058 -6.418118 0.067263
10.445376 -6.383345 0.046559
11.076538 -6.367956 -0.018183
11.429936 -6.384373 -0.106060
11.424525 -6.381818 -0.752295
11.415307 -6.347102 -1.360812
11.401077 -6.745666 -1.618005
11.342233 -7.362992 -1.706082
11.262864 -7.873589 -1.746211
11.273660 -7.851506 -0.906326
11.529375 -7.919993 -0.228545
12.114310 -8.044061 -0.220915
12.669255 -8.186900 -0.276680
13.241999 -8.360044 -0.320262
13.860126 -8.569683 -0.355563
14.455676 -8.826761 -0.438241
14.913065 -9.035794 -0.419111
14.921759 -9.040346 -0.618557
14.939364 -9.064170 -1.250384
14.940940 -9.071378 -1.890129
14.939466 -9.073292 -2.520628
14.941901 -9.072932 -3.094277
14.944347 -9.073238 2.537841
14.948916 -9.081878 1.978442
14.949806 -9.091691 1.351523
14.948864 -9.093944 0.897333
14.949187 -9.093196 1.459482
14.945325 -9.077538 2.461693
14.949763 -9.079253 2.797882
14.956435 -9.081565 2.792520
14.528274 -8.929209 2.828062
13.927216 -8.748517 2.825739
13.323139 -8.543844 2.835260
12.710881 -8.372526 2.863531
12.096308 -8.199353 2.899647
11.624784 -8.098061 2.930073
11.629684 -8.097526 -2.868000
11.637234 -8.087318 -1.931876
11.623653 -8.316889 -1.628838
11.570065 -8.921168 -1.683891
11.491182 -9.532993 -1.744812
11.430637 -10.156059 -1.637820
11.395288 -10.779944 -1.520297
11.396482 -11.396806 -1.606552
11.336011 -12.017907 -1.708593
11.213552 -12.644726 -1.725816
11.278413 -13.209818 -1.397218
11.359914 -13.786991 -1.470102
11.391788 -14.480902 -1.555403
11.392030 -14.926318 -1.573165
11.395697 -14.915141 -0.712491
11.637979 -14.939716 -0.090004
12.230781 -15.012946 -0.243349
12.813486 -15.174767 -0.322663
13.384211 -15.378695 -0.336658
14.006544 -15.604414 -0.393033
14.364450 -15.759045 -0.407386
14.362125 -15.740261 0.468189
14.381243 -15.697647 1.668315
14.376898 -15.685804 2.624284
14.309028 -15.667761 2.850029
13.696592 -15.495374 2.850714
13.109432 -15.309250 2.866187
12.515317 -15.168937 2.893959
11.921576 -15.025230 2.917898
11.398835 -14.907740 2.901803
11.230330 -14.865899 -2.983502
11.251743 -14.841273 -1.979604
11.191429 -15.234193 -1.715822
11.106625 -15.854718 -1.723473
11.008849 -16.429213 -1.765610
10.910725 -16.971357 -1.742054
10.800629 -17.540226 -1.800920
10.659120 -18.119488 -1.835755
10.482942 -18.686680 -1.911761
10.277067 -19.289650 -1.940276
10.035996 -19.890158 -1.970565
9.772114 -20.466564 -2.050590
9.676252 -20.652349 -2.000180
9.673909 -20.641947 -1.001007
9.674829 -20.642540 -0.334464
9.678322 -20.642866 -0.335020
10.035483 -20.723761 -0.204541
10.643020 -20.867229 -0.262742
11.204045 -21.031982 -0.290048
11.813332 -21.236294 -0.355015
12.401750 -21.485085 -0.448112
12.990247 -21.708784 -0.286029
13.621817 -21.846195 -0.230509
13.743513 -21.875816 -0.260348
13.763772 -21.873562 0.376374
13.785530 -21.833086 1.442455
13.803743 -21.879869 2.269233
13.810724 -21.879290 -2.992522
13.822320 -21.871626 -2.069842
13.823485 -21.862680 -1.263450
13.822204 -21.843494 -1.743484
13.829532 -21.828247 -2.370085
13.846388 -21.819668 -3.002803
13.709137 -21.767929 2.702795
13.116138 -21.486597 2.667152
12.536000 -21.214193 2.755816
11.931107 -20.998280 2.890686
11.330575 -20.829868 2.849744
10.754145 -20.675352 2.931054
10.761996 -20.677990 2.524573
10.755350 -20.670557 2.024179
10.732658 -20.648706 2.529932
10.553640 -20.649891 -3.109179
9.982882 -20.575283 2.982495
9.377448 -20.487932 3.031496
8.766933 -20.422365 2.967958
8.816958 -20.437256 -2.544868
8.758088 -20.442625 -1.724846
8.707715 -20.968576 -1.665391
8.661189 -21.544682 -1.705263
8.599768 -22.119425 -1.699908
8.550542 -22.481266 -1.752500
8.543370 -22.486572 -2.002792
8.511973 -22.557360 -1.734094
8.552549 -22.614883 -0.810757
8.644323 -22.643457 0.164275
8.646459 -22.645212 1.188349
8.638760 -22.626207 2.157053
8.627858 -22.591959 1.791265
8.490255 -21.939377 1.805434
8.316446 -21.300081 1.879653
8.110861 -20.677639 1.921197
7.878547 -20.064919 1.963528
7.743121 -19.757225 2.042054
7.737007 -19.745754 2.883427
7.157908 -19.614141 3.000955
6.569918 -19.547169 3.097806
5.958228 -19.542740 3.122625
5.335300 -19.523355 3.126553
4.797593 -19.552534 -3.085315
4.249597 -19.598869 -3.020553
3.713839 -19.677578 -3.025954
3.168359 -19.749863 -3.032131
2.990575 -19.770761 -2.831670
2.997875 -19.762308 -1.871093
2.904442 -20.367100 -1.643806
2.868141 -20.987364 -1.670752
2.791610 -21.658092 -1.714585
2.699039 -22.258095 -1.757319
2.616983 -22.636686 -1.824098
2.617437 -22.651983 -1.019014
2.655339 -22.674450 -0.002490
2.687925 -22.660744 1.009888
2.650668 -22.424906 1.781074
2.584306 -21.811905 1.536168
2.587724 -21.162910 1.617921
2.542214 -20.514320 1.659226
2.549309 -19.922947 1.577372
2.533845 -19.535601 1.621078
2.529700 -19.511955 1.956146
2.519634 -19.508358 2.886197
1.922092 -19.357960 2.888516
1.447480 -19.222776 2.890685
1.480730 -19.232956 -2.930096
1.487214 -19.228079 -1.894783
1.496530 -19.710640 -1.591328
1.498269 -20.329586 -1.643194
1.352140 -20.929699 -1.864184
1.171142 -21.535093 -1.856479
0.997679 -22.106138 -1.860026
0.799236 -22.683245 -1.958489
0.929414 -22.363071 -2.012245
1.050699 -22.116634 -2.089688
1.030990 -22.141897 -2.631711
0.928902 -22.137722 3.003259
0.821826 -22.089815 2.338979
0.759196 -22.011324 1.715407
0.848572 -21.645004 1.300099
1.055125 -21.036037 1.196059
1.256861 -20.426353 1.263794
1.415272 -19.830633 1.345127
1.519509 -19.305653 1.361757
1.522707 -19.292313 2.028256
1.454216 -19.282541 -3.127170
0.791506 -19.305210 -3.090137
0.147737 -19.308485 3.069188
-0.475085 -19.280910 3.060034
-1.073715 -19.215633 2.969975
-1.461743 -19.139883 2.939931
-2.072079 -19.043501 3.019427
-2.685827 -18.940609 2.950404
-3.284233 -18.835251 2.940808
-3.853676 -18.703482 2.893840
-4.342764 -18.563108 2.808834
-4.337058 -18.561964 -2.765540
-4.399713 -18.725361 -1.876071
-4.511536 -19.346357 -1.583337
-4.442140 -19.985588 -1.296975
-4.198438 -20.594227 -1.132617
-4.005260 -21.179876 -1.472593
-4.085328 -21.815903 -1.731956
-4.098294 -21.965248 -0.936549
-4.060005 -21.980951 0.083827
-4.030028 -21.952496 1.109409
-4.045193 -21.655561 1.619621
-4.065767 -21.102259 1.613239
-4.075232 -20.500494 1.599141
-4.192523 -19.886599 1.873331
-4.389682 -19.273554 1.865567
-4.509555 -18.783319 1.793724
-4.512405 -18.769814 2.392309
-4.693679 -18.751453 3.044109
-5.290264 -18.696173 3.113020
-5.880525 -18.714560 -3.069879
-5.888466 -18.712568 -2.551966
-5.902257 -18.808846 -1.703537
-5.963927 -19.414999 -1.665451
-6.011203 -19.979015 -1.659969
-6.063864 -20.570585 -1.633325
-6.100463 -21.194029 -1.657621
-6.187300 -21.809763 -1.716247
-6.228467 -22.099485 -1.660446
-6.137504 -21.513128 -1.748644
-6.075911 -21.240700 -1.878198
-6.057003 -21.219929 -2.524372
-6.021688 -21.211599 -3.131098
-6.006678 -21.219862 2.530676
-5.997998 -21.231112 1.916742
-5.976258 -21.005487 1.472391
-5.929779 -20.421984 1.535897
-5.971612 -19.974342 1.882257
-6.142825 -19.398821 1.849198
-6.331411 -18.807810 1.890923
-6.427687 -18.535688 2.042715
-6.380805 -18.582617 3.121195
-6.783225 -18.749588 -2.718400
-7.229089 -18.892849 -2.862674
-7.821898 -19.052589 -2.897704
-8.418380 -19.181307 -2.909498
-8.980947 -19.328438 -2.881856
-9.514683 -19.505177 -2.807710
-9.908113 -19.642323 -2.835767
-9.893843 -19.635752 -2.301644
-9.871533 -19.703388 -1.261785
-9.848084 -19.770872 -0.426756
-9.829316 -19.765305 0.373061
-9.823095 -19.761105 1.398297
-9.834033 -19.798536 1.145173
-9.505900 -19.585270 0.490238
-8.945477 -19.264978 0.604209
-8.435880 -18.896479 0.657679
-8.005855 -18.528099 0.716785
-7.529795 -18.206795 0.601558
-7.020838 -17.863836 0.635754
-6.531165 -17.475437 0.653870
-6.024561 -17.048756 0.724477
-5.598190 -16.726019 0.455692
-5.573447 -16.724537 -0.065091
-5.563610 -16.730221 -0.704790
-5.602948 -16.688749 -1.036754
-5.606953 -16.678736 -1.598543
-5.597102 -16.687592 -2.196188
-5.578184 -16.673014 -2.757376
-6.050158 -16.727043 -3.042568
-6.602520 -16.706303 3.043362
-7.229383 -16.674425 -3.136144
-7.863650 -16.657578 3.009075
-8.485100 -16.594810 3.093883
-9.247660 -16.482536 2.918557
-9.864813 -16.372400 2.993058
-10.477813 -16.265144 2.933879
-11.095767 -16.154503 3.002116
-11.111788 -16.152344 3.068832
-11.133060 -16.174765 -2.124085
-11.132659 -16.220419 -1.054841
-11.104009 -16.239254 -0.420358
-10.778534 -16.232567 0.033905
-10.141510 -16.189228 0.064676
-9.501536 -16.160109 0.066098
-8.864549 -16.094723 0.123789
-8.242572 -15.997643 0.161349
-7.594875 -15.891932 0.173607
-7.452791 -15.862038 0.620301
-7.451955 -15.863366 1.617078
-7.515945 -15.306540 1.695239
-7.582583 -14.703397 1.663255
-7.583551 -14.690918 2.262925
-7.576829 -14.691703 3.063862
-8.155354 -14.657010 3.082983
-8.758551 -14.568204 3.025420
-9.260915 -14.533163 3.088750
-9.239788 -14.532697 2.720010
-9.239741 -14.532729 2.067386
-9.241871 -14.523770 1.450731
-9.231785 -14.499940 0.911512
-9.210602 -14.488538 0.318185
-8.666318 -14.500741 -0.156555
-8.018442 -14.608108 -0.191745
-7.438659 -14.744303 -0.260004
-7.353927 -14.764366 0.169338
-7.343194 -14.743943 1.096693
-7.381323 -14.469750 1.737157
-7.447674 -13.842848 1.633897
-7.494038 -13.200048 1.697165
-7.510284 -12.554767 1.535124
-7.500897 -11.921016 1.621749
-7.474015 -11.285048 1.443599
-7.408612 -10.640400 1.554337
-7.437892 -10.056698 1.693772
-7.434754 -9.505345 1.568321
-7.478654 -8.891449 1.658741
-7.480824 -8.851144 1.815460
-7.545018 -8.825789 2.747747
-8.121954 -8.755372 3.038548
-8.543088 -8.706800 3.009733
-8.529583 -8.705842 -2.637264
-8.529933 -8.707216 -1.641757
-8.525403 -8.717350 -0.715390
-8.495749 -8.717980 0.003395
-7.860404 -8.604649 0.158663
-7.207024 -8.521749 0.090127
-7.115606 -8.510993 0.647599
-7.111432 -8.496177 1.510839
-7.102627 -7.913216 1.595206
-7.128640 -7.362781 1.616041
-7.128546 -7.363148 2.456822
-7.336246 -7.341884 3.071071
-7.947797 -7.309617 3.128774
-8.558058 -7.307565 3.106600
-9.155327 -7.293992 3.122328
-9.345878 -7.279384 2.989178
-9.330736 -7.284727 2.410085
-9.460615 -7.007103 1.975909
-9.695011 -6.425533 1.973117
-9.795442 -6.191535 1.949538
-9.796504 -6.151387 1.392357
-9.781994 -6.106099 0.798575
-9.747190 -6.071910 0.303097
-9.703745 -6.075972 -0.331796
-9.690673 -6.086898 -0.888992
-9.399520 -6.490321 -0.958684
-9.013743 -6.985329 -0.862767
-8.781937 -7.208977 -0.164953
-8.199149 -7.286740 -0.114149
-7.590016 -7.339598 -0.036616
-7.626535 -7.364520 0.403887
-7.652154 -7.374245 1.078083
-7.572831 -7.057572 1.346874
-7.435876 -6.422071 1.402956
-7.351219 -5.765548 1.474702
-7.303920 -5.105022 1.553612
-7.325407 -4.470648 1.639883
-7.390095 -3.842715 1.697887
-7.383408 -3.211345 1.533532
-7.373952 -2.581277 1.589669
-7.418355 -1.948182 1.666164
-7.489208 -1.346989 1.707749
-7.523664 -1.138776 1.992985
-7.526787 -1.138747 2.935050
-8.117332 -1.113398 3.077536
-8.737671 -0.991894 2.935328
-9.339021 -0.880916 2.930513
-9.344235 -0.879882 -2.625292
-9.344103 -0.879587 -1.655552
-9.349187 -0.875524 -0.668974
-9.331279 -0.881812 0.244994
-9.310239 -0.870798 0.921969
-9.285894 -0.856238 0.249139
-9.066928 -0.895581 -0.243096
-8.483561 -1.039319 -0.230659
-7.898313 -1.188126 -0.273721
-7.361197 -1.335256 -0.259749
-7.369073 -1.333815 0.474282
-7.362466 -1.292977 1.360808
-7.244935 -0.687185 1.292787
-7.058582 -0.095315 1.273150
-6.959602 0.525481 1.448555
-6.862123 1.138218 1.409741
-6.779716 1.761743 1.454588
-6.694514 2.359863 1.416199
-6.596124 2.962339 1.409081
-6.480721 3.531580 1.363507
-6.370423 4.086894 1.360995
-6.317878 4.336217 1.499974
-6.321338 4.350410 2.558985
-6.360559 4.356212 -2.943290
-6.388769 4.333766 -1.996332
-6.386658 4.320311 -0.955681
-6.394342 4.325327 -0.089908
-6.415628 4.335954 -0.306666
-6.421437 4.340660 -0.866830
-6.419458 4.336540 -1.481252
-6.448727 4.088977 -1.710500
-6.533614 3.523231 -1.711920
-6.615498 2.895897 -1.718749
-6.715351 2.268427 -1.732191
-6.806446 1.636928 -1.729137
-6.920824 1.012323 -1.754422
-6.951632 0.819796 -1.272912
-6.953674 0.820553 -0.348962
-6.600868 0.817153 0.005260
-5.976173 0.791985 -0.086725
-5.354465 0.732120 -0.071872
-4.762298 0.691101 -0.099351
-4.177802 0.625165 -0.096930
-3.585616 0.576308 -0.098318
-2.930152 0.492672 -0.139258
-2.275846 0.405166 -0.149046
-1.627968 0.284988 -0.203813
-1.107986 0.182449 -0.210912
-1.082678 0.193121 0.640143
-1.067634 0.301997 1.555253
-1.031249 0.961451 1.495362
-0.975573 1.605670 1.462620
-0.890008 2.215962 1.460258
-0.850012 2.827225 1.517618
-0.806352 3.413009 1.516253
-0.799152 3.576715 1.697166
-0.806104 3.585580 2.721116
-0.795738 3.585897 -2.583567
-0.776695 3.596358 -1.583905
-0.761557 3.586265 -0.610104
-0.742305 3.572505 0.074926
-0.713936 3.563187 -0.497920
-0.691787 3.543294 -1.057828
-0.685073 3.527568 -1.644647
-0.804664 2.971420 -1.802499
-0.956658 2.429520 -1.887420
-1.007278 2.229686 -1.504771
-0.906219 1.590459 -1.454009
-0.870904 1.140806 -1.566981
-0.871239 1.190236 -1.561893
-0.928558 0.550435 -1.808718
-1.145170 -0.044311 -1.999731
-1.304186 -0.375815 -2.066965
-1.304152 -0.376507 -1.485605
-1.287036 -0.392483 -0.466940
-1.259100 -0.403233 0.545070
-1.249769 -0.383353 1.529750
-1.251066 -0.379621 2.428067
-1.565396 -0.227597 2.701692
-2.101134 0.038598 2.631108
-2.633155 0.357354 2.595285
-3.184544 0.652900 2.831267
-3.796067 0.764625 3.052026
-4.394583 0.716791 -2.933194
-4.407906 0.713636 -2.455253
-4.690346 0.297740 -2.183365
-5.045775 -0.219315 -2.168896
-5.336955 -0.635645 -2.237957
-5.753629 -1.183782 -2.241735
-6.127549 -1.628418 -2.307881
-6.546450 -2.119150 -2.284526
-6.866198 -2.496994 -2.331393
-6.876429 -2.510726 -1.640969
-6.869747 -2.985657 -1.578623
-6.839786 -3.545483 -1.506369
-6.783743 -4.116213 -1.509225
-6.734952 -4.758908 -1.482124
-6.669771 -5.394975 -1.498138
-6.694220 -5.508938 -1.864699
-6.842566 -6.058446 -1.802196
-6.958749 -6.615499 -1.788533
-7.065759 -7.150754 -1.779689
-7.185565 -7.732160 -1.802550
-7.302748 -8.233242 -1.838575
-7.231882 -8.495685 -1.289746
-7.082862 -9.159283 -1.543575
-7.097605 -9.680133 -1.618822
-7.124036 -10.305973 -1.662042
-7.181184 -10.919566 -1.679690
-7.247081 -11.533622 -1.733260
-7.341890 -12.133544 -1.760824
-7.454494 -12.694420 -1.824785
-7.577083 -13.170541 -1.808558
-7.577340 -13.169360 -1.304604
-7.410627 -13.736416 -1.288954
-7.237129 -14.331940 -1.312952
-7.073338 -14.942113 -1.322694
-6.916767 -15.549171 -1.324530
-6.753538 -16.205862 -1.412210
-6.659514 -16.841618 -1.498076
-6.610479 -17.465885 -1.563446
-6.607555 -18.062067 -1.634480
-6.625670 -18.518394 -1.650437
-6.620895 -18.543205 -0.984251
-6.639529 -18.535757 -0.016056
-6.091728 -18.518618 0.053503
-5.495210 -18.539457 -0.112018
-4.875229 -18.598635 -0.078466
-4.258814 -18.672548 -0.163768
-3.651627 -18.786148 -0.217005
-3.131630 -18.900082 -0.212215
-2.520850 -19.031427 -0.123645
-1.903515 -19.112120 -0.180187
-1.278980 -19.240637 -0.235469
-1.100751 -19.285740 -0.171300
-0.692417 -19.222401 0.156743
-0.116002 -19.131485 0.138585
0.490120 -19.095123 -0.015861
1.122847 -19.128922 -0.254034
1.726324 -19.298655 -0.325187
2.329777 -19.470816 -0.073128
2.962137 -19.497591 0.008092
3.585515 -19.484175 0.001666
4.172851 -19.523306 -0.158540
4.719357 -19.594624 -0.160366
5.248086 -19.684135 -0.247628
5.718070 -19.792538 -0.274086
6.162703 -19.911945 -0.340921
6.757888 -20.071182 -0.261427
7.346303 -20.242458 -0.288913
7.966537 -20.367016 -0.223635
8.583620 -20.443499 -0.037017
9.201375 -20.480749 -0.101102
9.817588 -20.555693 -0.108144
10.263156 -20.610121 -0.167110
10.296758 -20.602869 0.686363
10.304786 -20.595102 1.583135
10.307607 -20.624088 1.642591
10.310560 -20.653318 1.640846
10.286550 -20.321638 1.640967
10.241542 -19.736900 1.646569
10.314494 -19.155054 1.361528
10.446850 -18.552914 1.393294
10.551332 -17.947083 1.397845
10.649059 -17.338579 1.410685
10.777688 -16.721016 1.384570
10.891404 -16.110100 1.430719
10.998695 -15.503237 1.418602
11.088529 -14.899394 1.465607
11.169033 -14.305440 1.472478
11.217574 -13.776365 1.517150
11.259693 -13.177959 1.514038
11.279277 -12.582463 1.571695
11.282330 -11.986321 1.592241
11.259087 -11.366972 1.628826
11.237944 -10.749019 1.592367
11.232039 -10.131144 1.606285
11.208809 -9.519077 1.614077
11.193319 -8.910037 1.603435
11.169230 -8.297453 1.628376
11.155639 -7.712557 1.595881
11.132914 -7.098053 1.628686
11.107966 -6.514275 1.618760
11.068040 -5.925710 1.664868
11.001039 -5.322328 1.690878
10.948984 -4.680001 1.625263
10.925223 -4.279498 1.646020
10.954680 -4.302897 2.360716
10.491158 -3.946882 2.507941
10.051535 -3.550288 2.185092
9.685331 -3.082287 2.276464
9.336732 -2.586684 2.095339
8.998508 -2.053873 2.152034
8.645299 -1.560752 2.212834
8.249711 -1.082143 2.288457
7.836006 -0.652492 2.378263
7.597913 -0.432943 2.535715
7.498828 -0.417716 3.010438
6.943053 -0.361782 3.064949
6.328088 -0.320670 3.023018
5.720237 -0.256538 3.066025
5.082141 -0.258551 -3.101027
4.470025 -0.210788 3.008070
3.845567 -0.172439 3.093487
3.076148 -0.137156 3.100931
2.489933 -0.123968 3.044890
1.930956 -0.062838 3.053205
1.335140 -0.039786 3.113891
0.718983 -0.005975 3.100995
0.096982 0.020280 3.061512
0.042577 0.024450 3.055334
0.048819 0.024373 -3.140041
-0.578785 0.027090 -3.112615
-1.207996 -0.009200 -3.093959
-1.369782 -0.016398 -3.085721
-1.353108 -0.008031 -2.165352
-1.363480 -0.171470 -1.599326
-1.381949 -0.734908 -1.619783
-1.433710 -1.366076 -1.703681
-1.536752 -2.020384 -1.761206
-1.659966 -2.673950 -1.760315
-1.798251 -3.325420 -1.808899
-1.843120 -3.501240 -2.027302
-1.842059 -3.500404 -2.654680
-1.792602 -3.523498 3.050174
-2.111046 -3.396901 2.807012
-2.699712 -3.267595 2.894435
-3.313735 -3.089333 2.859547
-3.268793 -3.091439 -2.801831
-3.220808 -3.099167 -1.797152
-3.224464 -3.136620 -0.821220
-3.180164 -3.182092 0.136655
-3.188302 -3.190449 1.118319
-3.164018 -3.146873 1.014079
-3.150326 -3.130996 0.643666
-3.182755 -3.142942 0.106998
-2.891028 -3.209067 -0.192571
-2.312883 -3.308150 -0.167579
-1.727886 -3.378027 -0.083398
-1.042296 -3.456106 -0.171791
-0.392299 -3.547839 -0.128183
0.049387 -3.615853 -0.190185
0.096372 -3.622192 0.548229
0.127041 -3.502431 1.580888
0.099820 -3.454115 2.558567
0.192681 -3.474747 -2.710053
0.185331 -3.482066 -1.765881
0.040827 -4.108781 -1.840244
-0.142179 -4.778263 -1.829890
-0.284904 -5.264750 -1.946020
-0.290175 -5.272043 -2.506980
-0.267654 -5.260375 -3.101278
-0.539889 -5.197835 2.918791
-1.119019 -5.109573 3.042428
-1.674394 -5.037681 2.987770
-1.655461 -5.037302 -2.860034
-1.642808 -5.028958 -2.183533
-1.643927 -5.031760 -2.011371
-1.644325 -5.032428 -2.547245
-2.121188 -5.277196 -2.672833
-2.575227 -5.499681 -2.740055
-2.541695 -5.499448 3.034894
-3.064645 -5.419439 3.001867
-3.635303 -5.335001 3.019711
-3.632211 -5.335338 -2.861688
-3.651093 -5.369752 -2.059173
-3.906727 -5.990146 -2.015780
-4.156964 -6.566340 -1.955554
-4.167578 -6.593220 -2.446176
-4.598577 -6.872386 -2.571539
-4.768638 -6.984064 -2.293576
-4.763006 -7.031510 -1.263218
-4.681882 -7.075310 -0.297647
-4.710177 -7.081440 0.700719
-4.335044 -6.585667 0.936901
-3.943208 -6.070125 0.928530
-3.570973 -5.546992 0.915340
-3.512797 -5.472963 0.820615
-3.502227 -5.463435 0.207041
-2.975929 -5.432786 0.030994
-2.368985 -5.418171 0.016447
-1.812394 -5.420604 -0.047999
-1.799225 -5.433795 -0.451687
-1.768253 -5.461300 -1.040909
-1.768447 -5.460423 -1.611634
-1.850918 -5.783429 -1.826795
-2.026768 -6.377450 -1.883423
-2.234098 -6.939927 -1.979396
-2.240117 -6.955207 -1.616163
-2.181119 -7.219896 -1.350129
-2.181931 -7.229701 -1.743658
-2.309330 -7.840026 -1.777337
-2.447487 -8.476655 -1.804931
-2.602883 -9.099287 -1.822725
-2.728991 -9.576769 -1.847855
-2.728175 -9.586128 -1.591598
-2.697505 -10.213669 -1.583658
-2.751585 -10.858635 -1.687471
-2.827771 -11.467270 -1.736878
-2.999134 -11.996743 -1.838034
-3.034669 -12.577086 -1.491444
-3.000238 -13.217565 -1.586697
-3.009255 -13.835515 -1.569556
-3.005486 -14.420115 -1.585638
-2.992448 -15.069871 -1.549275
-2.989415 -15.168834 -1.676918
-2.988352 -15.166859 -2.283913
-2.979131 -15.160474 -2.715380
-3.540766 -15.366949 -2.778893
-3.729286 -15.433918 -2.897357
-3.723346 -15.435959 2.835699
-4.271618 -15.253630 2.852727
-4.827709 -15.127367 2.951584
-5.451670 -15.004658 2.965182
-5.530129 -14.992346 -2.978127
-5.524383 -14.998465 -1.920740
-5.523637 -14.994827 -0.933251
-5.504756 -15.005325 0.082479
-4.914645 -14.938438 0.096305
-4.138815 -15.061239 -0.335244
-3.525673 -15.277359 -0.354750
-2.976362 -15.504397 -0.393254
-2.721295 -15.610522 -0.490046
-2.709005 -15.622524 -1.045697
-2.708991 -15.622498 -1.607267
-2.762194 -15.926189 -1.791034
-2.915064 -16.560913 -1.807104
-3.035916 -17.070972 -1.880944
-3.031703 -17.060921 -2.361369
-3.018463 -17.048170 -2.910468
-3.379716 -17.004478 3.007133
-3.975811 -16.956200 3.095779
-4.555015 -16.919767 3.064447
-5.131410 -16.871653 3.038231
-5.705012 -16.811449 3.057207
-6.283646 -16.797667 3.129000
-6.871811 -16.796412 3.122044
-6.922328 -16.796640 -2.700377
-6.997625 -16.885450 -1.786520
-6.994949 -16.898008 -0.790085
-6.967871 -16.897614 0.255122
-6.944872 -16.886570 1.260424
-7.009377 -16.571335 1.802683
-7.150311 -15.949448 1.751773
-7.254344 -15.344970 1.760408
-7.386916 -14.776007 1.869848
-7.517983 -14.175414 1.739567
-7.582713 -13.572367 1.645583
-7.609634 -12.931934 1.508891
-7.513862 -12.297861 1.419301
-7.426422 -11.663605 1.477552
-7.368191 -11.018765 1.472265
-7.324360 -10.375838 1.557885
-7.317564 -9.837336 1.534846
-7.317790 -9.836277 2.023392
-7.262546 -9.822141 2.959728
-7.214951 -9.802549 -2.420312
-7.218635 -9.854650 -1.598822
-7.224496 -10.441680 -1.592322
-7.219699 -11.077520 -1.560810
-7.219810 -11.677389 -1.623521
-7.245561 -12.301822 -1.614662
-7.285395 -12.931384 -1.683697
-7.367731 -13.545326 -1.717426
-7.462126 -14.167880 -1.761146
-7.578758 -14.778197 -1.759155
-7.706978 -15.392485 -1.806424
-7.841749 -15.998638 -1.777142
-7.895011 -16.253582 -1.784196
-7.894511 -16.249603 -0.956353
-7.837317 -16.263819 -0.244422
-7.221332 -16.409872 -0.219190
-6.586317 -16.521645 -0.149744
-5.956243 -16.629042 -0.182100
-5.322698 -16.720963 -0.116021
-4.666859 -16.803192 -0.153231
-4.037603 -16.890242 -0.135243
-3.374812 -16.994030 -0.113619
-3.044017 -17.032400 -0.105662
-3.012165 -17.031532 0.814384
-3.006727 -16.945591 1.611830
-3.003740 -16.343153 1.479738
-2.965853 -15.766324 1.521727
-2.941131 -15.140231 1.574004
-2.939155 -14.514031 1.401278
-2.839212 -13.896460 1.412485
-2.772429 -13.267072 1.671246
-2.793521 -12.652308 1.456473
-2.740062 -12.019682 1.525412
-2.718861 -11.397449 1.581159
-2.732999 -10.772546 1.604021
-2.767191 -10.180634 1.513992
-2.655864 -9.586076 1.367083
-2.550151 -9.020637 1.396544
-2.467517 -8.428167 1.457646
-2.332806 -7.814322 1.371405
-2.223022 -7.186771 1.435937
-2.138670 -6.562614 1.433856
-2.076384 -5.942651 1.454270
-1.946765 -5.331197 1.384411
-1.830734 -4.723008 1.437743
-1.765217 -4.124466 1.514915
-1.686835 -3.414894 1.297916
-1.527638 -2.823693 1.361658
-1.487687 -2.291938 1.585694
-1.467276 -1.739462 1.571417
-1.475895 -1.149221 1.520748
-1.449876 -0.498716 1.551346
-1.465142 0.088188 1.642084
-1.464530 0.086381 1.189331
-1.454927 0.096468 0.592024
-1.443208 0.099716 0.032397
-0.866154 0.029306 -0.150511
-0.246943 -0.060655 -0.136747
-0.141448 -0.075281 -0.153478
-0.141448 -0.075281 -0.154140
