-0.000000 0.000000 -0.000000
4.154478 -0.066600 0.000389
8.312561 -0.180049 -0.013304
12.600609 -0.188647 -0.090724
16.787169 -0.109856 -0.066151
20.934912 0.024817 -0.092190
25.452194 0.112035 -0.141277
29.525320 0.154049 -0.220117
34.005302 0.277341 -0.331545
38.291767 0.810731 -0.435931
42.177616 2.323986 -0.583327
45.632584 4.906960 -0.671760
48.114025 8.162382 -0.726789
50.011894 12.045055 -0.794686
51.531746 15.788281 -0.859344
52.762058 19.634602 -0.920252
52.288326 23.939129 -0.946181
50.208858 27.366390 -0.841265
47.105995 30.222416 -0.766062
43.478931 32.609707 -0.691634
39.828159 34.798466 -0.611706
35.791500 37.054237 -0.543025
32.219803 38.961563 -0.432210
28.414528 40.876709 -0.354006
24.247549 42.832378 -0.280480
20.164015 44.578995 -0.214528
15.732615 46.290791 -0.145009
11.152854 47.912178 -0.093159
7.245024 49.157574 -0.056715
2.415210 50.486969 0.004339
-2.392912 51.637371 0.033804
-7.034599 52.598652 0.072179
-11.847124 53.484356 0.080792
-16.480289 54.224693 0.076037
-21.008747 54.806782 0.048834
-25.493101 55.266911 0.011194
-29.772165 55.581139 -0.054712
-34.016537 55.748371 -0.093925
-38.729198 55.737331 -0.199674
-42.965504 55.563446 -0.283546
-47.413467 55.224934 -0.330498
-51.532669 54.720154 -0.446750
-55.612633 54.244381 -0.538934
-59.742500 54.487125 -0.676778
-63.319817 56.275406 -0.883545
-65.761497 59.753704 -0.893052
-67.577377 63.588207 -1.154398
-69.114815 67.725525 -1.387156
-70.070381 71.671196 -1.676077
-70.668770 75.855888 -1.732871
-70.635025 79.947723 -1.587852
-69.967140 84.175735 -1.651782
-68.380440 88.282814 -1.890887
-65.967247 91.550461 -2.086074
-63.095985 94.711769 -2.248406
-60.172756 98.029579 -2.414521
-57.371410 101.424606 -2.603293
-54.511726 105.000877 -2.838351
-51.649792 108.668846 -3.042660
-48.794884 112.481628 -3.265380
-46.441227 115.692032 -3.478434
-43.775845 119.470810 -3.752241
-41.199158 123.272362 -4.001479
-38.696068 126.968597 -4.201556
-36.246216 130.543610 -4.373011
-33.679653 134.287186 -4.542888
-31.067333 138.223877 -4.708354
-28.580910 142.105759 -4.870908
-26.185600 146.017685 -5.022607
-24.019375 149.466553 -5.171221
-21.764481 153.102737 -5.310898
-19.678629 157.005661 -5.461146
-18.271217 161.137329 -5.673562
-18.348839 165.228287 -5.933182
-20.176838 169.111176 -6.240291
-23.219267 172.082260 -6.309941
-26.691050 174.181549 -6.365268
-29.878031 176.797913 -6.603812
-31.102261 180.900192 -6.772595
-29.726540 184.873962 -6.897367
-27.381262 188.354263 -7.052695
-25.065264 191.608215 -7.243229
-22.687620 195.032364 -7.428835
-20.368877 198.536819 -7.628896
-18.237425 202.046906 -7.813675
-16.819714 206.147125 -8.006532
-17.105204 210.288071 -8.181097
-19.261911 213.940857 -8.327218
-22.558830 216.473892 -8.370218
-26.035246 218.452347 -8.535334
-29.692177 220.660294 -8.722544
-33.317471 223.177429 -8.868630
-36.550098 225.575043 -9.003909
-39.921127 228.049576 -9.123572
-43.364372 230.481567 -9.245515
-47.016823 232.918442 -9.371270
-50.749588 235.293839 -9.611251
-54.469772 237.633698 -9.806351
-58.068123 239.892288 -9.983014
-61.711811 242.167328 -10.179346
-65.465446 244.513367 -10.382031
-68.869949 246.618668 -10.567335
-72.612221 248.698029 -10.706398
-76.739220 250.137970 -10.892511
-80.891800 250.341019 -11.049921
-84.928505 249.192612 -11.071041
-88.228859 246.789291 -10.973263
-90.428085 243.266129 -10.780424
-90.505783 239.072906 -10.489079
-88.530533 235.474991 -10.169375
-85.336967 232.664719 -9.892121
-81.738739 230.257111 -9.712442
-78.062363 228.032059 -9.572746
-74.101234 225.672714 -9.407616
-70.629311 223.582672 -9.250913
-67.096100 221.469894 -9.086461
-63.445694 219.256866 -8.914222
-59.944561 217.140396 -8.712061
-56.353832 214.945068 -8.477564
-52.973358 212.782562 -8.371086
-49.146496 210.331024 -8.253769
-45.430096 207.941177 -8.119097
-41.722813 205.626358 -7.975435
-38.327877 203.485214 -7.833824
-34.683815 201.186859 -7.613857
-31.340401 198.770020 -7.521320
-28.749531 195.608490 -7.420392
-28.018421 191.561523 -7.212246
-29.320333 187.804718 -7.007762
-31.465374 184.484726 -6.893002
-33.892544 180.909653 -6.793591
-36.161884 177.402786 -6.685864
-38.394608 173.757538 -6.580208
-40.708355 170.126236 -6.457433
-42.982784 166.598907 -6.294712
-45.109848 163.188370 -6.133364
-47.209278 159.652588 -5.955224
-49.383446 156.189346 -5.788202
-52.340275 153.195023 -5.730545
-56.078682 151.708771 -5.735620
-60.060688 151.854233 -5.759527
-64.183968 153.259369 -5.806214
-68.078644 155.205673 -6.008335
-71.604698 157.216507 -6.144415
-75.232323 159.374786 -6.256906
-78.933914 161.606262 -6.377750
-82.663048 163.892319 -6.488194
-86.451515 166.239777 -6.602152
-89.816254 168.365433 -6.803180
-93.203743 170.538055 -7.018936
-97.015739 173.003738 -7.222963
-100.681679 175.410629 -7.391653
-104.167770 177.730484 -7.541377
-107.824432 180.195862 -7.710711
-111.134964 182.423920 -7.833207
-114.559731 184.605164 -7.957265
-118.653717 186.256592 -8.178581
-123.032730 186.274078 -8.325529
-126.931374 184.374130 -8.401637
-129.347519 181.094955 -8.344336
-130.065506 176.696808 -8.127478
-129.127533 172.696091 -7.876532
-126.803383 169.040268 -7.608222
-123.731239 166.243607 -7.393848
-120.093979 163.947159 -7.299411
-116.103088 161.852325 -7.151761
-112.601700 159.889771 -7.005793
-109.084488 157.836304 -6.857471
-105.415436 155.571976 -6.687686
-101.901085 153.306656 -6.495305
-98.348854 150.945801 -6.267718
-94.694885 148.478745 -6.122151
-91.148506 146.045929 -6.031793
-87.581779 143.584763 -5.890990
-84.073174 141.175522 -5.756190
-80.785133 138.917450 -5.601303
-77.058960 136.637146 -5.438704
-73.024643 135.094940 -5.266972
-68.956139 134.595749 -5.264367
-64.811981 135.188873 -5.275909
-60.970314 137.037399 -5.350982
-57.876125 139.920746 -5.465615
-55.500355 143.223465 -5.534511
-53.212608 146.721481 -5.603553
-51.036156 150.165298 -5.657500
-48.716522 153.829651 -5.726916
-46.328308 157.573837 -5.883175
-44.120262 161.019684 -6.033113
-41.967335 164.395523 -6.185506
-39.795097 167.798691 -6.335977
-37.725723 171.233307 -6.491784
-36.613346 175.097961 -6.621250
-37.178501 179.095154 -6.748127
-39.409172 182.547485 -6.834882
-42.638149 185.266281 -6.784012
-46.104485 187.543839 -6.653151
-49.816586 189.823364 -6.560055
-53.261753 191.943893 -6.512099
-56.680763 194.064941 -6.446210
-60.246193 196.260498 -6.392579
-63.815105 198.465485 -6.331007
-67.315529 200.639938 -6.299984
-71.006577 202.903275 -6.268513
-74.520416 205.053665 -6.236501
-78.072807 207.225662 -6.220353
-81.540512 209.339371 -6.183233
-85.299614 211.593414 -6.160507
-88.816559 213.669357 -6.138023
-92.344872 215.821274 -6.117569
-95.657158 218.279236 -6.217520
-98.191093 221.738068 -6.504655
-98.739861 226.091080 -6.733975
-97.019386 229.825790 -6.882831
-93.408134 232.246399 -6.984416
-89.365021 232.549591 -6.920244
-85.557007 231.349167 -6.734696
-81.756042 229.265457 -6.608351
-78.317970 227.173660 -6.499229
-74.697937 224.968002 -6.337667
-70.964462 222.692200 -6.191695
-67.346573 220.491364 -6.010536
-63.774300 218.345779 -5.833473
-60.239025 216.242874 -5.660100
-56.674911 214.143555 -5.499485
-53.164459 212.073502 -5.395513
-49.663948 209.975708 -5.301239
-45.816093 207.583252 -5.213989
-42.323196 205.227203 -5.094085
-39.041107 202.796600 -4.935663
-35.484791 200.250793 -4.782407
-31.806511 198.283768 -4.706943
-27.711454 197.533264 -4.747923
-23.459934 198.578354 -4.811999
-20.131500 201.175949 -4.933628
-18.167505 204.847443 -5.101151
-17.795191 208.996994 -5.314224
-19.192308 213.090805 -5.501406
-21.797029 216.105560 -5.580351
-25.002489 218.479355 -5.703178
-28.573120 220.716339 -5.842821
-32.235470 222.894638 -5.960076
-35.951103 225.060364 -6.068414
-39.653000 227.189682 -6.177091
-43.393456 229.373062 -6.290458
-47.177776 231.605408 -6.419486
-50.902611 233.843689 -6.583636
-54.719028 236.135269 -6.768530
-58.493088 238.440140 -6.981788
-62.188740 240.716064 -7.134673
-65.834465 243.008362 -7.238279
-69.293228 245.246140 -7.367445
-72.820534 247.574432 -7.504495
-76.333565 249.575775 -7.698218
-80.525208 250.614319 -7.864622
-84.659409 249.924103 -7.878777
-88.123817 247.541031 -7.788883
-90.516914 244.005615 -7.651135
-92.491776 240.445023 -7.475812
-94.654175 236.616989 -7.288234
-96.958397 232.857330 -7.097404
-99.253242 229.386642 -6.909764
-101.821785 225.754578 -6.806298
-104.449043 222.159409 -6.702318
-107.056267 218.514099 -6.582317
-109.532425 214.985413 -6.464464
-111.944901 211.465469 -6.357082
-114.304703 207.864960 -6.228446
-116.487595 204.361679 -6.093309
-118.680817 200.789429 -5.952760
-120.936668 197.241150 -5.814628
-123.212555 193.678741 -5.764437
-125.418983 190.294540 -5.694508
-127.628204 186.910385 -5.620610
-129.751175 183.330414 -5.535331
-131.094635 179.429184 -5.412467
-131.035172 175.346802 -5.240824
-129.471054 171.449326 -5.036003
-126.603905 168.353912 -4.761990
-123.142609 166.057739 -4.572304
-119.398880 163.932022 -4.423274
-115.573212 161.722076 -4.272955
-111.876457 159.504318 -4.138676
-108.147682 157.237671 -3.962554
-104.448036 154.958679 -3.755104
-100.867638 152.756851 -3.545739
-97.257965 150.505966 -3.361713
-93.675682 148.244415 -3.252414
-90.045448 145.957733 -3.156381
-86.293755 143.485382 -3.030326
-82.737694 141.023148 -2.889740
-79.371727 138.624573 -2.740520
-76.063843 136.394623 -2.595047
-72.180374 134.472809 -2.513679
-67.946983 133.501602 -2.483571
-63.892925 133.837631 -2.460773
-60.019222 135.636658 -2.490958
-56.965805 138.653336 -2.571708
-55.410332 142.466705 -2.677191
-55.948406 146.612885 -2.798856
-58.382385 149.813934 -2.894474
-61.906750 152.048508 -2.935566
-65.574203 153.807617 -3.044332
-69.544823 155.799988 -3.209804
-73.125946 157.753723 -3.332417
-76.760895 159.889801 -3.414719
-80.354568 162.068283 -3.514469
-84.020958 164.325760 -3.616300
-87.687988 166.579742 -3.717315
-91.372559 168.845566 -3.908726
-95.056976 171.113541 -4.124774
-98.839439 173.438614 -4.341188
-102.428055 175.660904 -4.508209
-105.999420 177.858414 -4.645611
-109.511963 180.034897 -4.791063
-112.937874 182.220810 -4.918797
-116.273941 184.795975 -5.086450
-118.837051 188.103699 -5.355871
-120.095604 191.995804 -5.583171
-119.849174 195.959061 -5.726733
-117.601082 199.517044 -5.844686
-113.805817 201.411911 -5.864005
-109.700462 201.321182 -5.753120
-106.022469 199.819946 -5.528303
-102.494438 197.501358 -5.187357
-99.281151 195.161423 -4.806353
-95.893425 192.787674 -4.395324
-92.280975 190.350540 -4.004446
-88.627068 187.989059 -3.639466
-84.891014 185.652069 -3.281400
-81.091927 183.337509 -2.878245
-77.681747 181.254181 -2.528365
-73.883942 178.950409 -2.176638
-70.091591 176.685028 -1.845144
-66.234558 174.476547 -1.519455
-62.584602 172.476089 -1.157358
-58.822636 170.494537 -0.815874
-55.219284 168.388443 -0.440851
-51.950512 165.764160 -0.286658
-49.676723 162.282028 -0.134623
-49.001770 158.307144 0.052825
-50.209358 154.255814 0.245910
-53.347870 151.350327 0.267574
-57.263340 150.493469 0.229294
-61.114372 151.450516 0.174504
-64.879005 153.563110 0.091888
-68.229843 155.876007 -0.108094
-71.792175 158.421616 -0.344092
-75.274399 160.852570 -0.494287
-78.920738 163.310944 -0.619277
-82.512054 165.657349 -0.736358
-86.183578 168.043488 -0.898189
-89.769852 170.336166 -1.116324
-93.346153 172.568634 -1.339099
-97.029442 174.847473 -1.543970
-100.884521 177.183807 -1.757426
-104.593147 179.392197 -1.904968
-108.185394 181.483688 -2.087688
-111.753387 183.589996 -2.232892
-115.351601 185.589600 -2.369799
-119.493843 187.007706 -2.642902
-123.929207 186.826263 -2.817218
-127.799988 185.018524 -2.874250
-130.498154 181.844650 -2.807868
-131.580353 177.786606 -2.670463
-130.831375 173.513947 -2.466595
-128.453079 169.903259 -2.191079
-125.176765 167.044785 -1.890889
-121.748993 164.780075 -1.750682
-118.089348 162.613556 -1.604520
-114.291664 160.462036 -1.410201
-110.820145 158.492371 -1.247931
-107.059845 156.248611 -1.005027
-103.476204 153.983170 -0.797568
-99.854630 151.578995 -0.601998
-96.339714 149.229294 -0.405076
-92.826263 146.857697 -0.233596
-89.278038 144.476135 -0.093242
-85.871887 142.180054 0.041557
-82.562042 139.925247 0.190450
-79.100967 137.557159 0.376423
-75.655266 135.362320 0.561136
-71.909042 133.655899 0.639705
-67.520050 133.141861 0.679576
-63.629093 134.229294 0.705107
-60.164883 136.771362 0.670309
-57.518692 139.979614 0.569942
-55.290844 143.488312 0.476569
-53.069141 147.112228 0.388174
-50.829342 150.609833 0.310297
-48.545586 154.097366 0.266943
-46.215588 157.610580 0.078562
-43.853848 161.172272 -0.073281
-41.523113 164.700378 -0.216148
-39.195229 168.245483 -0.350744
-36.904034 171.772751 -0.495735
-34.615578 175.390778 -0.645256
-32.398827 178.998734 -0.771617
-30.213797 182.624527 -0.905524
-28.070627 186.179001 -1.015131
-25.969738 189.664108 -1.232102
-23.738325 193.227188 -1.419294
-21.523737 196.599365 -1.583070
-19.224760 200.238007 -1.751602
-17.577206 204.186447 -1.965771
-17.193840 208.573502 -2.215677
-18.139309 212.472534 -2.414849
-20.316051 215.904037 -2.569822
-23.526468 218.578873 -2.668171
-27.294226 220.738892 -2.808478
-31.132730 222.782532 -2.983523
-34.959801 224.935287 -3.114998
-38.726433 227.180008 -3.241580
-42.441666 229.424332 -3.368538
-45.990753 231.583481 -3.510640
-49.390385 233.674698 -3.697741
-53.067844 235.959686 -3.884075
-56.786469 238.298737 -4.090745
-60.416031 240.610947 -4.267812
-64.061707 243.050232 -4.445421
-67.371017 245.325943 -4.612161
-70.873062 247.771866 -4.771831
-74.492577 249.924545 -4.922750
-78.464157 251.081650 -5.132050
-82.698624 250.871353 -5.218194
-86.503349 249.281693 -5.188346
-89.503998 246.027588 -5.039495
-90.430481 241.825607 -4.818688
-89.426231 237.777939 -4.553373
-86.933609 234.197510 -4.243408
-83.889954 231.409760 -3.964388
-80.271500 228.841461 -3.809548
-76.808167 226.519272 -3.686071
-73.233246 224.180283 -3.539096
-69.557961 221.812836 -3.347108
-65.812042 219.452057 -3.086948
-62.158421 217.183426 -2.892798
-58.589214 214.983673 -2.716824
-54.991337 212.789658 -2.572411
-51.379326 210.612457 -2.418757
-47.699444 208.399155 -2.299998
-44.182758 206.321426 -2.199586
-40.670876 204.290131 -2.059192
-37.049091 202.111801 -1.873782
-33.758404 199.809006 -1.675869
-30.743011 196.865723 -1.588561
-28.841518 193.170258 -1.410569
-28.589722 188.902023 -1.173033
-30.435472 185.183258 -0.990978
-33.993149 182.891068 -0.931308
-38.286221 182.570724 -0.945653
-42.037605 183.992920 -1.021008
-45.567245 186.242722 -1.005444
-49.078907 188.744904 -0.938619
-52.553444 191.145676 -0.897553
-56.105511 193.603195 -0.850627
-59.582859 195.974594 -0.825210
-62.959377 198.270569 -0.804117
-66.634476 200.713898 -0.787713
-70.454536 203.193512 -0.746135
-73.915985 205.406387 -0.761215
-77.436852 207.629761 -0.749736
-80.900711 209.788376 -0.700682
-84.773438 212.119659 -0.657748
-88.380493 214.352844 -0.628893
-91.870483 216.772186 -0.610505
-94.840836 219.605042 -0.743668
-96.975952 223.011597 -0.994924
-97.822151 227.161987 -1.258684
-96.605827 230.998291 -1.451899
-93.555321 233.741623 -1.590744
-89.427444 234.426132 -1.558015
-85.578629 233.109924 -1.352818
-81.962738 230.681122 -1.168356
-78.637596 228.035309 -1.003559
-75.200691 225.212494 -0.787605
-71.731316 222.336700 -0.579615
-68.188446 219.529129 -0.342802
-64.606407 216.831329 -0.111744
-61.068069 214.316391 0.134129
-57.373589 211.834167 0.365837
-53.893909 209.610977 0.514237
-50.503048 207.439316 0.647046
-46.910015 205.071182 0.792585
-43.366302 202.666275 0.988337
-39.869152 200.292679 1.180346
-36.432987 197.984695 1.371963
-32.895260 195.749985 1.479957
-29.243435 193.929077 1.580238
-25.048159 193.362473 1.640798
-21.098438 194.690506 1.582107
-18.250257 197.732300 1.469071
-16.816889 201.905716 1.259579
-16.618160 206.294861 0.982487
-17.529404 210.273148 0.735355
-19.504543 213.792419 0.548216
-22.365858 216.664383 0.418669
-25.736557 219.100693 0.197948
-29.388302 221.369186 -0.007362
-32.849171 223.371170 -0.132136
-36.816257 225.567047 -0.269675
-40.503403 227.567657 -0.421314
-44.179771 229.541534 -0.562661
-48.121819 231.662857 -0.707093
-51.934834 233.736160 -0.899082
-55.699230 235.801300 -1.141670
-59.243477 237.789810 -1.352215
-63.202183 240.040176 -1.553802
-66.954460 242.223557 -1.687550
-70.635300 244.383514 -1.831697
-74.319321 246.424942 -1.947889
-78.085258 248.044479 -2.153809
-82.197273 248.854691 -2.316993
-86.344040 248.492599 -2.376709
-90.282013 246.708298 -2.347085
-93.486572 243.742218 -2.254728
-96.012939 240.044159 -2.074557
-98.153709 236.123718 -1.847182
-100.214920 232.275375 -1.601069
-102.430397 228.307266 -1.457273
-104.457886 224.842361 -1.336434
-106.613434 221.306915 -1.190297
-108.794060 217.836884 -1.056875
-111.036209 214.409653 -0.889273
-113.382805 210.877686 -0.771527
-115.718758 207.390594 -0.623173
-118.008972 203.988510 -0.458811
-120.447403 200.272964 -0.278056
-122.785805 196.701691 -0.169923
-125.082527 193.099976 -0.082983
-127.284904 189.427231 0.026856
-129.285065 185.789902 0.154741
-130.906235 181.947098 0.322025
-131.597565 177.803711 0.504594
-131.128891 173.685730 0.729572
-129.208298 169.841034 1.004944
-126.069458 166.807602 1.294544
-122.176025 164.341003 1.473258
-118.615944 162.332932 1.625074
-114.964668 160.347992 1.796143
-111.217453 158.313354 1.942421
-107.470909 156.267136 2.160839
-103.806190 154.246536 2.353108
-100.121010 152.196899 2.567742
-96.511154 150.139557 2.794084
-92.872429 148.022720 2.919209
-89.224380 145.863617 3.042825
-85.575821 143.646545 3.180076
-82.139984 141.498062 3.341465
-78.429016 139.097321 3.565088
-74.915672 137.018326 3.746522
-71.058701 135.428268 3.853944
-66.660339 134.806351 3.906932
-62.548935 135.769577 3.942375
-59.219490 138.584702 3.858884
-57.874020 142.446411 3.730519
-58.508442 146.458679 3.538661
-60.945301 149.829239 3.389382
-64.580711 152.330872 3.288033
-68.353668 154.316650 3.068375
-71.933121 156.194290 2.841985
-75.522484 158.156830 2.690347
-79.158707 160.229599 2.575979
-82.874817 162.455963 2.426063
-86.509560 164.734512 2.251020
-90.196068 167.059875 2.041111
-93.981178 169.434937 1.825424
-97.685883 171.705338 1.610615
-101.385040 173.916168 1.371304
-104.924973 175.973053 1.192908
-108.709045 178.111206 1.052371
-112.231041 180.246735 0.933420
-115.446304 182.585419 0.806807
-118.334297 185.729034 0.510772
-120.141068 189.662094 0.222788
-120.610428 193.639252 0.023994
-119.844246 197.604446 -0.129143
-117.979401 201.373856 -0.314528
-115.529953 205.031326 -0.477523
-113.225845 208.346115 -0.620949
-110.930824 211.649353 -0.751643
-108.467087 215.307800 -0.899978
-106.236702 218.623672 -1.028263
-103.857681 222.267227 -1.168628
-101.522385 225.937271 -1.294638
-99.230698 229.238724 -1.394660
-96.252670 231.992218 -1.508684
-92.612312 233.633698 -1.569443
-88.541298 233.899445 -1.492500
-84.606705 232.791382 -1.291449
-80.674271 230.611633 -1.141376
-77.312981 228.248032 -1.020264
-74.108887 225.951187 -0.833573
-70.576141 223.442886 -0.655109
-66.922058 220.892929 -0.419576
-63.422443 218.493164 -0.207435
-59.864788 216.111298 0.033605
-56.375698 213.820862 0.247898
-52.877285 211.550888 0.397363
-49.463184 209.325806 0.527693
-45.735615 206.881332 0.687285
-42.168121 204.565186 0.855725
-38.786526 202.348633 1.056165
-35.340008 199.778412 1.274649
-32.415115 196.718018 1.428714
-30.532274 192.882965 1.636706
-30.030176 188.632599 1.896015
-30.991171 184.375000 2.097127
-32.760006 180.742050 2.231576
-34.896618 177.133987 2.373399
-37.227379 173.466766 2.526448
-39.656395 169.760742 2.700379
-42.095589 166.097366 2.853384
-44.561539 162.395905 3.023934
-46.900051 158.847122 3.189168
-49.176632 155.383560 3.380361
-51.515751 151.742249 3.475767
-53.816929 148.153427 3.569653
-56.131260 144.608154 3.670902
-58.619221 141.284119 3.772052
-61.679264 138.459274 3.836671
-65.443169 136.617599 3.846489
-69.554718 136.058334 3.831636
-73.891853 136.953094 3.786694
-77.529572 138.733917 3.594509
-81.134155 141.012436 3.382657
-84.945488 143.503235 3.199731
-88.680466 145.946777 3.067447
-91.987053 148.108215 2.923882
-95.325851 150.289200 2.781189
-98.999207 152.654480 2.591383
-102.372749 154.800644 2.403333
-106.080574 157.131516 2.161544
-109.752037 159.389053 1.904751
-113.321770 161.541336 1.730576
-116.784088 163.593796 1.609738
-120.528931 165.724197 1.450643
-123.889862 167.905563 1.295164
-126.760628 170.911102 1.027066
-128.482513 174.912201 0.736481
-128.609879 179.253983 0.511028
-127.400009 183.133743 0.344954
-125.236839 186.972946 0.205193
-123.057602 190.341476 0.102933
-120.925659 193.785095 0.016731
-118.917801 197.252441 -0.077299
-116.909813 200.657867 -0.246491
-114.822746 204.085236 -0.402865
-112.609947 207.609100 -0.562601
-110.420723 211.059128 -0.703979
-108.178352 214.614471 -0.841810
-105.928261 218.173706 -0.992301
-103.709518 221.705124 -1.128810
-101.524902 225.214203 -1.258830
-99.437164 228.596771 -1.376994
-97.313705 232.051834 -1.540579
-95.228943 235.461823 -1.726598
-92.866432 239.237579 -1.926892
-90.449318 242.808075 -2.104709
-87.775536 246.048752 -2.237316
-84.231262 248.459045 -2.317779
-80.122513 249.128662 -2.276522
-75.952591 247.962860 -2.085305
-72.219383 246.021133 -1.921174
-68.761604 244.044464 -1.791910
-65.089226 241.907303 -1.607077
-61.310051 239.670502 -1.476462
-57.643051 237.481598 -1.287183
-53.920425 235.236755 -1.079292
-50.008583 232.852112 -0.821985
-46.219021 230.551178 -0.613191
-42.671028 228.385147 -0.465954
-39.143860 226.234177 -0.335977
-35.678532 224.114944 -0.195144
-32.284882 222.023636 -0.056826
-28.741539 219.870743 0.110148
-25.000978 217.566956 0.326177
-21.575184 214.979462 0.493445
-18.894987 211.662399 0.654607
-17.825445 207.737610 0.868146
-18.488762 203.720810 1.108579
-20.467861 200.115555 1.296723
-23.640581 197.389801 1.412574
-27.772951 196.159286 1.433867
-31.959684 196.505051 1.428723
-35.724197 197.821152 1.398130
-39.396545 199.894287 1.197917
-43.110996 202.407990 0.961198
-46.367325 204.679352 0.813011
-49.643951 206.993530 0.695597
-53.318703 209.563248 0.519996
-57.005646 212.096344 0.327549
-60.660362 214.580505 0.121521
-64.325424 217.038071 -0.095399
-68.004883 219.457230 -0.306820
-71.687866 221.837631 -0.546560
-75.247871 224.086655 -0.722402
-79.114944 226.373947 -0.907499
-82.854996 228.314316 -1.025676
-86.732765 229.780746 -1.144031
-90.711418 230.560547 -1.306667
-95.155838 230.470718 -1.388274
-99.292297 229.158325 -1.382330
-102.775162 226.869339 -1.375966
-105.868248 223.821442 -1.304519
-108.649651 220.448776 -1.192947
-111.061653 217.203339 -1.059350
-113.602264 213.444275 -0.903205
-115.899025 209.732574 -0.750924
-118.089050 205.975861 -0.582891
-120.092155 202.352386 -0.409233
-122.038788 198.617493 -0.212455
-123.871788 194.800079 -0.124265
-125.539238 190.958832 0.003572
-127.026482 187.038040 0.155611
-128.233124 183.013397 0.332316
-128.726517 178.924194 0.532413
-127.985977 174.845459 0.750951
-125.997643 171.167435 1.031491
-122.981964 168.030746 1.302414
-119.730431 165.603683 1.466883
-116.120392 163.393845 1.616973
-112.434837 161.317764 1.756596
-108.678680 159.247147 1.934494
-104.991081 157.260818 2.170345
-101.363190 155.331039 2.378241
-97.456070 153.320724 2.596093
-93.459389 151.326721 2.766163
-89.947189 149.573364 2.906333
-86.329018 147.717484 3.025652
-82.684906 145.786926 3.124141
-79.178391 143.864929 3.269410
-75.690681 141.926331 3.487859
-71.945404 139.917999 3.714427
-68.054382 138.291779 3.758511
-63.815647 137.642715 3.826040
-59.730980 138.384293 3.853896
-56.186394 140.413300 3.840033
-53.344707 143.491318 3.749380
-51.307022 147.246948 3.633775
-50.067608 151.086380 3.514808
-48.924366 154.996719 3.395943
-47.537350 158.794846 3.179651
-45.530243 162.570068 3.006727
-43.201183 166.075577 2.844817
-40.683044 169.402542 2.701740
-38.034981 172.732315 2.559146
-35.392776 175.986008 2.421799
-32.902142 179.074631 2.305454
-30.584660 182.506363 2.169800
-29.215174 186.581985 2.029800
-29.535892 190.686020 1.764120
-31.475397 194.546066 1.541822
-34.642052 197.759949 1.398486
-38.087048 200.412216 1.174531
-41.379093 202.781998 0.959241
-44.868343 205.199005 0.797120
-48.429340 207.601669 0.654922
-51.979351 209.950302 0.488238
-55.542370 212.293472 0.314584
-59.036358 214.554108 0.177810
-62.421532 216.780396 -0.025251
-66.032150 219.164047 -0.276573
-69.560638 221.566086 -0.521871
-73.044853 224.024689 -0.728776
-76.506996 226.527344 -0.884187
-79.823311 228.967468 -1.048527
-83.085083 231.356506 -1.190260
-86.634720 233.409958 -1.395350
-90.843239 234.302261 -1.583446
-94.925636 233.606689 -1.607304
-98.437767 231.307571 -1.505849
-100.607796 227.633804 -1.357738
-100.786362 223.352325 -1.144783
-98.946320 219.493683 -0.883802
-95.830345 216.550507 -0.567976
-92.365662 214.074600 -0.489685
-88.848228 211.782654 -0.496470
-85.203148 209.488205 -0.505493
-81.533165 207.176773 -0.545120
-77.857056 204.828094 -0.561848
-74.241173 202.504883 -0.576075
-70.602264 200.166824 -0.583287
-66.967331 197.848145 -0.603520
-63.441437 195.573654 -0.656674
-59.979053 193.350677 -0.718177
-56.310902 191.045273 -0.754406
-52.795406 188.888260 -0.813825
-49.252960 186.775162 -0.844171
-45.527870 184.494553 -0.941298
-42.236267 182.080856 -0.946888
-39.647751 178.844238 -0.811914
-38.561024 174.780273 -0.651758
-39.550491 170.713089 -0.463338
-42.391670 167.833954 -0.359234
-46.541405 166.782074 -0.341198
-50.407143 167.723419 -0.378902
-53.961594 169.742783 -0.442443
-57.369175 171.915848 -0.824576
-61.063644 174.250931 -1.172317
-64.746750 176.514252 -1.528511
-68.400764 178.750763 -1.855006
-72.046707 180.986389 -2.184929
-75.662720 183.196121 -2.525812
-79.242767 185.402863 -2.880638
-82.922096 187.638123 -3.226748
-86.541618 189.835999 -3.595656
-90.134354 192.017792 -3.945571
-93.744102 194.191223 -4.353552
-97.291618 196.304749 -4.728010
-100.819565 198.436066 -5.099993
-104.148003 200.726135 -5.498861
-106.987770 203.728470 -5.804712
-108.581070 207.725937 -6.091955
-108.167839 211.827927 -6.283136
-105.732506 215.138382 -6.386975
-101.857376 216.653076 -6.370904
-97.836067 216.171936 -6.195609
-93.935417 214.237137 -6.010711
-90.249588 211.807373 -6.032784
-86.792747 209.513275 -6.042378
-83.097282 207.171051 -6.040092
-79.690849 205.081955 -6.050319
-76.206612 202.968460 -6.099602
-72.585045 200.817947 -6.140440
-68.921570 198.664139 -6.165472
-65.127998 196.411133 -6.197023
-61.516724 194.257339 -6.266130
-58.014252 192.154846 -6.308579
-54.400486 189.940445 -6.365993
-50.957069 187.791779 -6.413952
-47.544449 185.660202 -6.497070
-44.095375 183.448929 -6.632977
-40.671822 181.272537 -6.728854
-37.092514 179.031311 -6.745683
-33.571697 176.907349 -6.652285
-30.037601 174.804703 -6.528440
-26.580498 172.794128 -6.272436
-22.978613 170.554794 -6.260245
-20.787230 167.144531 -6.158104
-21.357641 162.943115 -5.933110
-23.469727 159.397247 -5.765153
-25.977322 155.902725 -5.630139
-28.382431 152.504242 -5.497518
-30.929253 148.705795 -5.365426
-33.385174 144.804199 -5.209863
-35.459404 141.368866 -5.074122
-37.626514 137.607086 -4.917660
-39.602249 134.090347 -4.781657
-41.581711 130.534241 -4.610009
-43.737831 126.604012 -4.357846
-45.928585 122.848000 -4.105797
-48.029701 119.384239 -3.815917
-50.102947 115.889877 -3.558699
-52.422878 112.255569 -3.309793
-55.177319 109.264771 -3.134085
-59.122406 107.852707 -3.095575
-63.246750 109.141762 -3.087948
-66.693100 111.499352 -3.165109
-70.056610 113.947975 -3.266226
-73.626320 116.381348 -3.369002
-77.033554 118.597588 -3.466040
-80.650902 120.885109 -3.609913
-84.293686 123.136925 -3.755032
-87.978386 125.379395 -3.891757
-91.803963 127.679459 -4.067542
-95.672974 130.002716 -4.235379
-99.675049 132.373734 -4.409043
-103.117706 134.421783 -4.571513
-106.631844 136.504272 -4.727347
-110.091942 138.569397 -4.910324
-113.653923 140.707397 -5.098142
-117.111450 142.797043 -5.299333
-120.718658 144.975098 -5.496769
-124.211685 147.066406 -5.702875
-127.713257 149.195068 -5.916159
-131.519150 151.543259 -6.157334
-135.169724 153.843430 -6.418620
-138.624634 156.096741 -6.675970
-142.307922 158.477676 -6.956081
-146.067566 160.249847 -7.203532
-150.282227 160.791763 -7.387256
-154.241165 159.539703 -7.468600
-157.408539 156.562943 -7.438996
-159.609589 152.882233 -7.326521
-161.627380 149.034729 -7.195916
-163.495926 145.469620 -7.052008
-165.710129 142.011368 -6.927139
-168.436142 138.902969 -6.864533
-172.001038 136.874329 -6.889782
-176.044617 136.618927 -7.084218
-179.843140 138.084854 -7.290658
-183.157303 140.557816 -7.590676
-184.989410 144.196075 -7.964384
-184.074219 148.543854 -8.116636
-181.745926 152.243134 -8.217808
-179.136917 155.944397 -8.321335
-176.646896 159.490662 -8.403940
-174.043686 163.268936 -8.508351
-171.697586 166.699326 -8.604045
-168.946869 170.721725 -8.723440
-166.583939 174.161423 -8.842395
-164.150177 177.687668 -8.959518
-161.702911 181.220779 -9.085485
-159.236984 184.761703 -9.203935
-156.818069 188.225266 -9.343365
-154.307236 191.832336 -9.490034
-152.077682 195.319550 -9.642224
-149.979889 198.775177 -9.789748
-147.743454 202.628540 -9.977454
-145.597229 206.298813 -10.143324
-143.394379 209.903778 -10.312956
-141.084610 213.330948 -10.487676
-138.129135 216.313370 -10.661986
-134.134399 217.164871 -10.585955
-130.477844 215.515961 -10.267459
-126.888847 213.036652 -9.952328
-123.451843 210.724579 -9.662940
-120.089500 208.521973 -9.373956
-116.735321 206.357468 -9.167317
-113.348694 204.171051 -8.969035
-109.954407 201.982361 -8.767566
-106.369293 199.708069 -8.362362
-102.784470 197.415527 -7.950839
-99.125267 195.082382 -7.557484
-95.524811 192.810181 -7.181170
-91.863014 190.528107 -6.819732
-88.192039 188.246033 -6.457378
-84.422752 185.941193 -6.088353
-80.677483 183.657211 -5.735814
-76.905510 181.371033 -5.406965
-73.206612 179.117310 -5.073257
-69.548500 176.873657 -4.752489
-65.991516 174.681946 -4.437699
-62.569675 172.576797 -4.142402
-58.934967 170.327774 -3.846664
-55.346973 168.089432 -3.509594
-51.928741 165.791641 -3.382327
-48.270355 164.048798 -3.360847
-44.058720 164.635056 -3.411551
-40.694336 166.955994 -3.513334
-38.139103 170.460114 -3.613551
-37.073067 174.341919 -3.777997
-37.573841 178.662979 -3.951536
-39.940975 182.306732 -4.057026
-43.104240 185.031647 -4.120970
-46.838886 187.539383 -4.035834
-50.241943 189.735733 -3.968444
-53.777336 191.958237 -3.865986
-57.423893 194.236221 -3.764674
-61.130756 196.544632 -3.694384
-64.737419 198.763748 -3.648413
-68.495056 201.059906 -3.618160
-71.888710 203.127121 -3.560125
-75.535675 205.351181 -3.514486
-79.331772 207.629837 -3.507610
-83.050011 209.865204 -3.486435
-86.750137 212.220810 -3.456748
-90.293427 214.527527 -3.412889
-93.823433 216.842117 -3.367543
-97.563271 218.975235 -3.641672
-101.605133 219.985291 -3.855339
-105.979546 219.306366 -3.913374
-109.355606 216.829224 -3.887850
-111.504181 213.209854 -3.759387
-112.066185 209.044067 -3.565718
-110.893440 204.973511 -3.325290
-108.366432 201.624420 -3.050549
-105.142776 198.958801 -2.778632
-101.678383 196.751984 -2.359428
-98.131981 194.707047 -1.965584
-94.636551 192.587006 -1.573725
-90.807526 190.268127 -1.145913
-87.201103 188.086853 -0.738826
-83.384674 185.766190 -0.377400
-79.992149 183.644073 -0.013465
-76.574127 181.485550 0.379410
-73.152298 179.328445 0.748501
-69.798065 177.222534 1.076811
-66.132141 174.959717 1.438347
-62.410629 172.716537 1.829432
-58.872131 170.615051 2.224253
-55.460167 168.429047 2.616876
-52.581383 165.470352 2.834933
-51.089523 161.456039 3.032122
-51.285603 157.452042 3.246449
-53.106361 153.629242 3.364795
-56.202091 151.067169 3.398794
-60.213692 150.331436 3.373080
-64.301750 151.458221 3.327486
-68.061104 153.320572 3.113489
-71.930725 155.519821 2.872962
-75.410866 157.562820 2.716237
-78.953705 159.674576 2.591909
-82.513893 161.828796 2.442820
-86.109871 164.006973 2.276842
-89.652664 166.128448 2.127598
-93.111389 168.212906 1.936056
-96.913116 170.498215 1.681379
-100.617737 172.747330 1.427050
-104.184502 174.938950 1.234791
-107.731331 177.137268 1.129211
-111.378082 179.498337 0.966693
-114.782761 181.997406 0.829210
-117.747726 184.859741 0.575297
-119.865936 188.277893 0.312855
-120.634132 192.574753 0.075853
-119.818619 196.529709 -0.080172
-118.035950 200.474167 -0.266018
-115.821274 204.306885 -0.442075
-113.698868 207.732346 -0.599531
-111.466751 211.156540 -0.738531
-109.253220 214.449860 -0.857132
-106.770706 217.997177 -1.008808
-104.237701 221.598267 -1.138879
-101.731659 225.181458 -1.266652
-99.231682 228.432281 -1.363998
-96.054863 231.079910 -1.446820
-92.151962 232.598816 -1.486007
-87.722610 232.447891 -1.375955
-83.914200 231.012817 -1.169032
-80.139114 228.779099 -1.040300
-76.816170 226.544754 -0.902610
-73.340057 224.195511 -0.746869
-69.896683 221.879807 -0.544450
-66.462318 219.616470 -0.305419
-63.079735 217.427017 -0.107695
-59.686882 215.251633 0.087070
-56.304047 213.108765 0.281398
-52.860134 210.954361 0.435752
-49.371117 208.809586 0.559325
-45.855896 206.675308 0.691864
-42.410534 204.587830 0.856936
-38.769260 202.198929 1.067574
-35.574745 199.513321 1.286496
-32.847614 196.237518 1.454516
-31.115171 192.574402 1.658145
-30.432671 188.560410 1.902160
-30.779438 184.477127 2.099696
-31.958559 180.421082 2.252947
-33.632244 176.619339 2.409295
-36.047287 173.117615 2.553535
-39.222294 170.530502 2.659525
-43.025295 169.089432 2.702492
-47.117203 168.929413 2.704224
-51.070274 169.784790 2.681683
-55.105053 171.479614 2.459871
-58.808903 173.476547 2.062192
-62.276997 175.434128 1.727183
-66.123840 177.633972 1.336458
-69.676498 179.677078 0.975167
-73.191216 181.703934 0.640960
-76.677017 183.734238 0.310772
-80.375412 185.884964 -0.101581
-83.860542 187.957230 -0.485565
-87.519798 190.165405 -0.863815
-90.946846 192.250824 -1.234087
-94.430031 194.378616 -1.628848
-98.040222 196.614548 -2.055111
-101.724342 198.866943 -2.477475
-105.258835 201.346695 -2.876958
-108.053284 204.585175 -3.190093
-109.312584 208.652771 -3.456117
-108.831161 212.759171 -3.645640
-107.086159 216.692581 -3.811811
-104.946129 220.198593 -3.927673
-102.754166 223.652084 -4.030738
-100.466789 227.316711 -4.135779
-98.126869 230.557434 -4.229047
-94.783394 233.004364 -4.335014
-90.753441 233.679901 -4.294566
-86.788185 232.815018 -4.133964
-83.134392 231.149948 -3.948455
-79.456871 228.968933 -3.814432
-76.042870 226.867554 -3.692409
-72.477112 224.686462 -3.567278
-68.929764 222.513535 -3.385159
-65.375061 220.314468 -3.135079
-61.784809 218.075470 -2.940907
-58.262550 215.853943 -2.763590
-54.810970 213.661728 -2.613347
-51.207298 211.357101 -2.447426
-47.848087 209.203796 -2.337384
-44.171322 206.840271 -2.221379
-40.750923 204.625946 -2.072175
-37.116177 202.274841 -1.876288
-33.649521 199.640701 -1.666951
-31.103817 196.468414 -1.565355
-29.722298 192.627182 -1.375166
-29.694006 188.608719 -1.148777
-31.063841 184.712006 -0.979037
-33.165325 181.069138 -0.853976
-35.264927 177.643494 -0.728425
-37.381557 174.157928 -0.601261
-39.457401 170.680801 -0.448414
-41.551090 167.121429 -0.317903
-43.763870 163.309982 -0.156465
-45.893871 159.622208 -0.000688
-48.274467 156.011398 0.173664
-51.350227 153.030731 0.256320
-55.296097 151.397186 0.233016
-59.290123 151.327057 0.198221
-63.332378 152.535995 0.164134
-67.029724 154.338837 -0.020601
-70.902893 156.527176 -0.246474
-74.275787 158.613159 -0.413938
-77.732605 160.807159 -0.510330
-81.086838 162.966751 -0.632304
-84.823807 165.354309 -0.792856
-88.303947 167.563385 -0.947198
-91.740372 169.756409 -1.126318
-95.515656 172.138519 -1.383940
-98.934563 174.290558 -1.601846
-102.592224 176.590225 -1.799950
-106.213478 178.826675 -1.933601
-109.762222 181.000275 -2.093583
-113.379189 183.342316 -2.238646
-116.706451 186.121628 -2.487996
-119.027283 189.640213 -2.757314
-119.795151 193.824860 -2.966619
-118.826118 198.127121 -3.096703
-116.889725 201.936981 -3.280414
-114.441383 205.606766 -3.424880
-112.160774 208.889359 -3.546823
-109.926445 212.191986 -3.651393
-107.655144 215.576065 -3.753711
-105.196777 219.191681 -3.881387
-102.769875 222.741074 -3.991560
-100.373238 226.248199 -4.087033
-98.012886 229.775406 -4.175930
-95.682472 233.387177 -4.376106
-93.409866 237.055450 -4.572509
-91.234116 240.727646 -4.763910
-88.888359 244.362320 -4.931022
-85.780113 247.366653 -5.062282
-81.909538 248.957855 -5.090136
-77.582291 248.791260 -4.955035
-73.744270 247.372345 -4.748809
-69.849060 245.306351 -4.618443
-66.336571 243.291565 -4.498894
-62.759571 241.153183 -4.341005
-59.145550 238.956482 -4.153037
-55.555183 236.766937 -3.959700
-51.976444 234.568695 -3.765420
-48.533810 232.450623 -3.608990
-44.663944 230.081802 -3.425306
-40.891422 227.764908 -3.259109
-37.175896 225.508194 -3.135159
-33.534573 223.298630 -3.022751
-30.002607 221.188873 -2.891183
-26.323061 218.927994 -2.719963
-23.018175 216.282715 -2.528602
-20.645128 212.848495 -2.415323
-19.610601 208.582977 -2.215201
-20.119902 204.581390 -1.998258
-21.695030 200.818985 -1.806911
-23.761600 197.198700 -1.627318
-25.994944 193.616882 -1.444002
-28.227600 190.149429 -1.253083
-30.479557 186.723221 -1.045425
-32.710361 183.257751 -0.940881
-34.963470 179.725311 -0.813677
-37.235424 176.141785 -0.675956
-39.494957 172.550400 -0.533774
-41.802158 168.885666 -0.395704
-44.056416 165.299622 -0.255492
-46.277847 161.732605 -0.110823
-48.441601 158.234253 0.047531
-50.541149 154.840958 0.219492
-52.692532 151.309143 0.272904
-54.800529 147.776550 0.352435
-56.897137 144.195801 0.446561
-58.983387 140.667862 0.545218
-61.421551 137.139877 0.655202
-64.669266 134.413361 0.692850
-68.624825 133.257355 0.675731
-72.905586 133.803802 0.615642
-76.686798 135.579865 0.516827
-80.190430 137.959442 0.334125
-83.678001 140.490311 0.140502
-87.182098 143.011139 -0.018888
-90.456268 145.297089 -0.159354
-94.084801 147.751221 -0.296332
-97.807037 150.177963 -0.458465
-101.624359 152.592102 -0.677320
-105.327446 154.927750 -0.901688
-109.124489 157.285385 -1.138197
-112.613014 159.439209 -1.330433
-116.179047 161.609314 -1.488152
-119.548355 163.793427 -1.672517
-123.094551 166.396210 -1.851067
-125.957825 169.250244 -2.027143
-128.022690 172.985611 -2.318775
-128.656052 177.365479 -2.563484
-127.814537 181.620789 -2.706037
-126.102844 185.209198 -2.828355
-124.095291 188.704178 -2.909515
-122.047501 192.255997 -2.984378
-120.045860 195.757156 -3.057389
-118.041420 199.248444 -3.152122
-115.886971 203.062698 -3.317341
-113.721077 206.846985 -3.472768
-111.501495 210.410629 -3.598989
-108.939339 213.571014 -3.680695
-105.427155 216.087296 -3.738610
-101.428467 217.051147 -3.670083
-97.416267 216.414917 -3.477614
-93.469383 214.424789 -3.326628
-90.029243 212.276215 -3.352557
-86.498116 210.008972 -3.378123
-82.745171 207.611267 -3.428514
-79.349426 205.484024 -3.449719
-75.736938 203.260162 -3.432171
-72.005043 200.952881 -3.471364
-68.332909 198.668640 -3.516386
-64.926704 196.516022 -3.569779
-61.164639 194.173965 -3.621578
-57.624428 191.973389 -3.674483
-54.173912 189.862335 -3.756315
-50.604790 187.723373 -3.866538
-47.136967 185.612625 -3.936126
-43.777355 183.207855 -4.023138
-41.086506 179.974121 -3.940912
-39.764317 176.205841 -3.843852
-39.886562 172.136032 -3.670616
-41.223751 168.017822 -3.544049
-43.059055 164.349411 -3.395013
-45.126400 160.505920 -3.228194
-47.219795 157.111206 -3.079612
-49.936062 154.006744 -2.931746
-53.261425 151.869156 -2.904609
-57.404652 150.866119 -2.905700
-61.478588 151.286331 -2.915639
-65.427994 152.736603 -2.984629
-69.012611 154.647232 -3.143685
-72.541382 156.790924 -3.292524
-76.204575 159.109528 -3.396956
-79.847137 161.439667 -3.484624
-83.539345 163.813278 -3.579028
-87.228958 166.153000 -3.686540
-90.614723 168.283798 -3.871813
-94.335411 170.594666 -4.084163
-98.076035 172.877930 -4.279725
-101.742355 175.099945 -4.462174
-105.517540 177.381088 -4.624052
-109.090363 179.614700 -4.774597
-112.570030 181.934753 -4.901821
-115.895805 184.549408 -5.039553
-118.426468 187.717529 -5.312670
-119.726959 191.831604 -5.564700
-119.332764 195.899551 -5.708110
-117.656006 199.735962 -5.860377
-115.538879 203.162933 -5.989967
-113.254646 206.618652 -6.124854
-110.921928 210.171021 -6.256150
-108.677567 213.610672 -6.377666
-106.509750 216.988464 -6.493618
-104.377045 220.342194 -6.606507
-102.231354 223.788498 -6.716964
-100.060112 227.159271 -6.826687
-97.477440 230.215958 -6.920209
-93.877357 232.535446 -7.009078
-89.971558 233.311340 -6.980821
-85.981209 232.606018 -6.836016
-82.130371 230.811615 -6.694168
-78.629730 228.676773 -6.561881
-75.037384 226.387665 -6.420978
-71.345634 224.027100 -6.291937
-67.736877 221.695679 -6.113438
-64.217484 219.421219 -5.907794
-60.785702 217.217270 -5.711813
-57.231689 214.931046 -5.548985
-53.662601 212.655365 -5.434201
-49.986851 210.363510 -5.321334
-46.235680 208.040131 -5.228823
-42.518150 205.777664 -5.126783
-38.994038 203.621384 -4.983782
-35.366074 201.180740 -4.842474
-32.415550 198.317123 -4.704053
-30.539194 194.804077 -4.604312
-29.886469 190.509460 -4.413622
-30.680048 186.545105 -4.203235
-32.468685 182.578766 -4.082474
-34.466385 178.984787 -3.952185
-36.453999 175.542343 -3.823610
-38.499409 172.066284 -3.683784
-40.567036 168.574173 -3.569562
-42.606823 165.141510 -3.432198
-44.659096 161.739044 -3.289567
-46.889946 158.065918 -3.127861
-49.126034 154.407852 -2.956847
-51.214233 151.008011 -2.878493
-53.504700 147.276184 -2.799322
-55.854374 143.555588 -2.710622
-58.406357 140.077423 -2.616655
-61.493641 137.209030 -2.543309
-65.360504 135.392395 -2.532511
-69.566551 135.005356 -2.530091
-73.787292 136.099686 -2.528951
-77.360252 137.982086 -2.687387
-80.953606 140.277191 -2.857838
-84.633896 142.720764 -3.001551
-88.170624 145.141510 -3.081557
-91.619728 147.551605 -3.186607
-95.006424 149.900864 -3.321844
-98.482239 152.213684 -3.477239
-102.130249 154.505280 -3.655218
-105.798737 156.702911 -3.846274
-109.530968 158.778809 -4.058918
-113.182220 160.743240 -4.210152
-117.038902 162.780106 -4.350740
-120.651215 164.806320 -4.476445
-123.944328 167.174316 -4.617062
-126.696442 170.246017 -4.855898
-128.417343 174.161545 -5.118484
-128.692001 178.394119 -5.293090
-127.570694 182.482452 -5.431783
-125.493370 186.299103 -5.527740
-123.357834 189.686310 -5.604040
-121.181931 193.107712 -5.666958
-118.970230 196.612762 -5.728031
-116.779808 200.077850 -5.865075
-114.568848 203.595535 -5.993533
-112.362312 207.091965 -6.132108
-110.190918 210.567139 -6.265341
-108.036819 214.025116 -6.385102
-105.758347 217.707367 -6.512230
-103.553925 221.334229 -6.635267
-101.344086 224.978302 -6.760507
-99.195641 228.560852 -6.877225
-96.994347 232.216354 -7.050903
-94.748283 235.958847 -7.241933
-92.499184 239.652283 -7.422560
-89.990257 243.227951 -7.591821
-86.993942 246.236191 -7.705236
-83.183403 248.309875 -7.781027
-78.915565 248.938538 -7.729657
-74.637085 247.994965 -7.529051
-71.084145 246.176102 -7.428461
-67.481384 243.913254 -7.315209
-63.765102 241.519287 -7.158532
-60.121178 239.169952 -7.016249
-56.346699 236.781982 -6.818712
-52.673935 234.494125 -6.643680
-48.995811 232.242249 -6.476908
-45.247452 230.002731 -6.313317
-41.519688 227.820328 -6.189906
-37.842487 225.752960 -6.091162
-34.278496 223.821289 -6.019927
-30.433840 221.718857 -5.889618
-26.914293 219.493652 -5.761392
-23.699455 216.860641 -5.589925
-21.175272 213.540482 -5.490792
-19.841469 209.674225 -5.352860
-19.799599 205.520538 -5.147343
-21.061579 201.369614 -4.948718
-23.135666 197.495773 -4.762996
-25.214500 194.058548 -4.608991
-27.262299 190.585358 -4.427550
-29.443939 186.785385 -4.227171
-31.421999 183.285400 -4.102713
-33.509174 179.422607 -3.967963
-35.541092 175.596344 -3.825613
-37.651249 172.229401 -3.693149
-40.525303 169.169266 -3.577938
-44.371368 167.287582 -3.498789
-48.328964 167.110413 -3.453345
-52.154491 168.338776 -3.458689
-55.821140 170.399338 -3.701158
-59.205929 172.470520 -3.974066
-62.618839 174.592407 -4.234965
-66.264046 176.875809 -4.557283
-69.681091 179.015228 -4.859268
-73.114059 181.166016 -5.153291
-76.765778 183.437790 -5.487885
-80.298958 185.633987 -5.806151
-84.043198 187.947632 -6.158758
-87.614716 190.168533 -6.509342
-91.003563 192.251953 -6.839164
-94.602913 194.441422 -7.192185
-98.031067 196.523849 -7.540337
-101.570435 198.725906 -7.922879
-104.761108 201.142166 -8.320638
-107.530342 204.401306 -8.758245
-108.708412 208.510803 -9.099504
-108.151733 212.586899 -9.352143
-106.311424 216.321503 -9.503777
-103.984634 219.818283 -9.592569
-101.707222 223.226303 -9.682944
-99.561417 226.676270 -9.789337
-97.333809 230.301117 -9.951349
-95.147041 233.859283 -10.157665
-92.958099 237.471252 -10.393566
-90.880676 241.071548 -10.618871
-88.589066 244.754059 -10.846362
-85.764992 247.805634 -10.996024
-82.037003 249.639374 -11.030773
-77.740967 249.703812 -10.922536
-73.943230 248.385986 -10.690755
-70.040932 246.283981 -10.584814
-66.461510 244.067947 -10.410602
-62.747028 241.766891 -10.217267
-59.333824 239.658615 -10.024738
-55.858555 237.509125 -9.838802
-52.028236 235.178848 -9.646955
-48.412430 232.914185 -9.431445
-44.772846 230.507156 -9.240987
-41.178661 228.014893 -9.124376
-37.746048 225.621735 -8.998208
-34.455524 223.372025 -8.872740
-30.932009 221.024979 -8.724092
-27.304071 218.693909 -8.577763
-23.962440 216.299820 -8.337965
-20.916359 213.324631 -8.267600
-18.808161 209.648254 -8.144877
-18.521706 205.667908 -7.972072
-19.943602 201.755127 -7.818252
-22.094564 198.272507 -7.598290
-24.533850 194.715363 -7.414584
-26.814697 191.439163 -7.217455
-29.096737 188.011307 -7.025332
-31.369762 184.420837 -6.892537
-33.702518 180.773560 -6.789115
-35.970505 177.305374 -6.689614
-38.338215 173.609756 -6.581213
-40.562393 170.128906 -6.468235
-42.707634 166.755554 -6.305251
-44.936825 163.204758 -6.139480
-47.062508 159.771576 -5.970208
-49.286743 156.123245 -5.797202
-51.373699 152.672958 -5.720170
-53.441715 149.219604 -5.665551
-55.569843 145.657486 -5.595060
-57.799332 141.992798 -5.521890
-60.476017 138.579025 -5.445442
-63.860935 136.117737 -5.346412
-67.904884 134.965134 -5.301244
-71.885307 135.263428 -5.306936
-75.776672 136.806992 -5.422656
-79.223190 138.844727 -5.600988
-82.718605 141.082367 -5.738896
-86.226196 143.375092 -5.873065
-89.725906 145.645828 -5.989967
-93.252548 147.915771 -6.101767
-96.719772 150.144501 -6.197973
-100.207535 152.379639 -6.394964
-103.783585 154.680542 -6.619049
-107.430710 156.985428 -6.797825
-111.067291 159.256851 -6.961507
-114.609833 161.407303 -7.107887
-118.315453 163.563812 -7.262165
-121.828926 165.652542 -7.384642
-125.277618 168.130890 -7.490792
-127.915894 171.489395 -7.784655
-129.103729 175.383667 -8.017752
-128.741699 179.559601 -8.246590
-127.079430 183.327698 -8.375827
-124.901764 186.946350 -8.430277
-122.621193 190.519989 -8.500435
-120.441673 194.006332 -8.568236
-118.246048 197.524948 -8.669191
-115.981308 201.194489 -8.850949
-113.723564 204.913544 -9.029950
-111.472054 208.616867 -9.194050
-109.383736 212.042572 -9.356531
-107.061226 215.843781 -9.497896
-104.948837 219.409012 -9.604692
-102.793770 223.141830 -9.706397
-100.711609 226.601486 -9.827539
-98.167419 230.048828 -9.948879
-94.954453 232.658417 -10.071487
-91.088280 233.657394 -10.089454
-86.788559 233.000885 -9.951950
-83.027336 231.495712 -9.791399
-79.392273 229.649918 -9.672083
-75.688988 227.609680 -9.544142
-72.244492 225.612762 -9.392211
-68.769455 223.560577 -9.241261
-65.269150 221.420685 -9.079350
-61.835724 219.302414 -8.882315
-58.387936 217.208160 -8.675387
-54.916386 215.094971 -8.497949
-51.156586 212.816467 -8.379185
-47.478661 210.591690 -8.268418
-43.999302 208.428055 -8.154238
-40.519543 206.212875 -8.028432
-37.191792 203.947617 -7.846364
-33.825569 201.425507 -7.619681
-30.863398 198.681046 -7.535399
-28.697065 195.282455 -7.411139
-28.141300 191.152313 -7.194142
-29.360138 187.352631 -6.986012
-31.345661 183.802475 -6.871216
-33.440922 180.373337 -6.775808
-35.672363 176.904846 -6.668907
-37.974262 173.351974 -6.567874
-40.171036 170.012421 -6.464756
-42.383762 166.592712 -6.303243
-44.709438 162.868210 -6.125315
-46.772934 159.423019 -5.956635
-49.049454 155.988571 -5.793030
-51.995480 153.213242 -5.739564
-55.861103 151.643127 -5.736214
-59.996326 151.559616 -5.755791
-64.209137 152.819275 -5.793882
-68.054756 154.775955 -5.995965
-71.645180 156.928772 -6.143194
-75.444664 159.259964 -6.260850
-79.229317 161.596283 -6.385340
-82.961761 163.906143 -6.494037
-86.744461 166.242752 -6.606250
-90.410835 168.537903 -6.836035
-93.784119 170.628418 -7.055106
-97.210869 172.728638 -7.224802
-101.027779 175.047058 -7.403264
-104.691956 177.263031 -7.555552
-108.167885 179.356583 -7.692476
-111.931557 181.549774 -7.822435
-115.408691 184.002365 -7.949346
-117.989929 187.102753 -8.211309
-119.084518 191.062241 -8.410408
-118.356880 195.237457 -8.553885
-116.686157 198.981689 -8.717553
-115.496559 203.164047 -8.948626
-116.528107 207.315704 -9.195891
-119.336273 210.339294 -9.461542
-122.609970 212.659027 -9.757834
-125.960335 214.876953 -10.043276
-129.451233 217.017639 -10.361766
-133.393890 218.377518 -10.669280
-137.733261 218.158035 -10.796838
-141.976181 216.367737 -10.757882
-145.353485 213.676178 -10.670375
-148.122604 210.538681 -10.560659
-150.812271 206.857132 -10.399265
-153.563934 202.696045 -10.195172
-155.810242 199.263382 -10.045877
-158.178284 195.675354 -9.884117
-160.653839 191.893387 -9.732013
-163.202133 187.987167 -9.575005
-165.975937 183.698746 -9.424285
-168.699600 179.469070 -9.255965
-171.474899 175.110336 -9.105289
-174.315781 170.659637 -8.943673
-177.017624 166.388336 -8.811135
-179.691620 162.155518 -8.685432
-182.403275 157.846588 -8.571527
-184.941895 153.813354 -8.441124
-187.407135 149.831192 -8.326335
-189.803650 145.838608 -8.209509
-192.098129 141.888824 -8.103913
-194.332611 137.904984 -7.983272
-196.368500 133.987350 -7.900242
-198.420151 129.824127 -7.760345
-200.175064 125.962479 -7.620705
-201.890610 121.840065 -7.551132
-203.440720 117.753418 -7.436790
-204.916931 113.497368 -7.302410
-206.234283 109.259247 -7.166177
-207.403427 105.037247 -7.002608
-208.441589 100.875961 -6.868597
-209.371796 96.695641 -6.710247
-210.149933 92.588188 -6.570284
-210.832718 88.426468 -6.426313
-211.409943 84.207718 -6.275205
-211.863922 80.104874 -6.116561
-212.199402 76.023438 -5.959366
-212.412781 72.027184 -5.819816
-212.508408 67.994324 -5.675673
-212.430771 63.031475 -5.475251
-212.152298 57.998150 -5.261879
-211.740280 53.320736 -5.036973
-211.219025 48.674335 -4.822419
-210.611160 44.232204 -4.629979
-209.886551 39.937294 -4.427640
-208.893982 35.324738 -4.289842
-207.833252 30.989086 -4.040020
-206.724777 27.004971 -3.866555
-205.401840 22.794981 -3.670729
-204.115692 18.923410 -3.510445
-202.727448 15.075105 -3.365472
-201.124069 11.034808 -3.149680
-198.967896 7.392619 -2.929057
-195.923599 4.340481 -2.696392
-192.355209 2.235154 -2.504328
-188.089096 1.036778 -2.270743
-183.943863 0.927483 -2.166332
-179.601837 1.752451 -2.087697
-175.225433 3.364147 -2.113934
-171.314438 4.994847 -2.086569
-167.432236 6.646472 -2.030885
-163.489899 8.310988 -1.992954
-159.430283 10.035301 -1.935338
-155.252396 11.822272 -1.871782
-151.551941 13.440933 -1.824873
-147.492035 15.258540 -1.796641
-143.040726 17.286991 -1.759369
-138.534637 19.353390 -1.705911
-134.851486 21.010622 -1.678049
-130.292603 23.072262 -1.643078
-125.751656 25.117760 -1.619438
-121.072220 27.211958 -1.584361
-116.571388 29.203016 -1.555159
-112.036949 31.193892 -1.513544
-107.545601 33.169792 -1.483850
-103.018150 35.106182 -1.434176
-98.543892 36.978668 -1.359991
-94.210365 38.707409 -1.255975
-89.678665 40.450409 -1.164892
-85.470451 42.036098 -1.075575
-81.044670 43.592285 -0.993480
-76.833176 44.983932 -0.891744
-72.688705 46.233379 -0.789799
-68.466545 47.398285 -0.701210
-64.262146 48.419540 -0.630803
-60.043217 49.302742 -0.542975
-55.826469 50.051575 -0.454922
-51.518360 50.654064 -0.366274
-47.193436 51.114986 -0.285156
-42.881554 51.413544 -0.211533
-38.508293 51.525326 -0.133690
-34.171108 51.484547 -0.052467
-29.783533 51.314972 0.021059
-25.335892 51.032070 0.085003
-20.942724 50.646099 0.130913
-16.548061 50.189068 0.138349
-12.065119 49.635223 0.120045
-7.724897 49.015018 0.127731
-3.295186 48.241814 0.103049
1.045890 47.362522 0.068029
5.381645 46.342926 0.037428
9.798852 45.115906 -0.015636
13.810147 43.769432 -0.069207
17.843632 42.168850 -0.126256
21.764637 40.440731 -0.184297
25.707443 38.607807 -0.242552
29.501842 36.798325 -0.325796
33.263741 35.007885 -0.389239
37.481445 32.904423 -0.491740
41.215660 30.998287 -0.589131
44.770164 29.105553 -0.689535
48.261688 26.640877 -0.812548
50.690681 23.062389 -0.961531
51.078545 18.626854 -0.889098
50.227474 14.695591 -0.838159
48.799618 10.828986 -0.779340
46.774853 7.387226 -0.703398
43.827614 4.486967 -0.636506
39.925034 2.563268 -0.517595
35.655510 1.625255 -0.387292
31.332905 1.094003 -0.294437
27.116072 0.648960 -0.183329
23.058420 0.240147 -0.103053
18.993752 -0.255050 -0.081244
14.857834 -0.583732 -0.033856
10.964975 0.461185 -0.073945
8.066628 3.595008 -0.050796
6.765473 7.367901 -0.076667
6.386213 11.454073 -0.111212
6.512393 15.657267 -0.099474
6.677072 19.896269 -0.132406
7.009616 24.105801 -0.177760
