0.000000 -0.000000 -0.000000
4.154480 -0.066529 0.000390
8.312598 -0.178942 -0.013287
12.600635 -0.186448 -0.090636
16.787188 -0.106594 -0.066138
20.934900 0.029150 -0.092234
25.452162 0.117544 -0.141372
29.525278 0.160640 -0.220239
34.005230 0.285140 -0.331689
38.291553 0.819706 -0.436073
42.176983 2.334044 -0.583499
45.631218 4.918002 -0.671991
48.111713 8.174146 -0.727092
50.008423 12.057384 -0.795073
51.527134 15.801076 -0.859815
52.756245 19.647787 -0.920813
52.281120 23.952171 -0.946834
50.200489 27.378754 -0.841994
47.096596 30.233704 -0.766844
43.468609 32.619663 -0.692455
39.816956 34.807007 -0.612571
35.779358 37.061157 -0.543923
32.206837 38.967007 -0.433161
28.400726 40.880535 -0.355013
24.232861 42.834385 -0.281559
20.148516 44.579170 -0.215672
15.716311 46.288937 -0.146224
11.135766 47.908176 -0.094451
7.227329 49.151711 -0.058075
2.396859 50.478767 0.002890
-2.411833 51.626816 0.032264
-7.054003 52.585808 0.070552
-11.866982 53.469109 0.079074
-16.500521 54.207123 0.074227
-21.029280 54.786930 0.046945
-25.513870 55.244781 0.009237
-29.793091 55.556839 -0.056725
-34.037548 55.721916 -0.095976
-38.750217 55.708477 -0.201685
-42.986431 55.532425 -0.285704
-47.434219 55.191639 -0.332898
-51.553158 54.684753 -0.449373
-55.632866 54.206902 -0.541775
-59.762844 54.447548 -0.679832
-63.341053 56.234009 -0.886749
-65.784142 59.711327 -0.896306
-67.601112 63.545315 -1.157645
-69.139236 67.682373 -1.390350
-70.094986 71.628006 -1.679163
-70.693085 75.812737 -1.735781
-70.658623 79.904556 -1.590522
-69.989578 84.132378 -1.654142
-68.401405 88.238922 -1.892876
-65.986877 91.505600 -2.087695
-63.114250 94.665688 -2.249626
-60.189632 97.982285 -2.415297
-57.387020 101.376289 -2.603587
-54.526287 104.951767 -2.838108
-51.663288 108.618942 -3.041830
-48.807289 112.430954 -3.263918
-46.452717 115.640724 -3.476434
-43.786263 119.418793 -3.749600
-41.208496 123.219673 -3.998180
-38.704376 126.915260 -4.197588
-36.253540 130.489639 -4.368367
-33.685963 134.232574 -4.537498
-31.072592 138.168625 -4.702143
-28.585146 142.049896 -4.863853
-26.188822 145.961243 -5.014674
-24.021709 149.409592 -5.162477
-21.765898 153.045273 -5.301258
-19.679079 156.947739 -5.450510
-18.270668 161.079132 -5.661830
-18.347342 165.170212 -5.920353
-20.174475 169.053589 -6.226438
-23.216261 172.025360 -6.295341
-26.687603 174.125397 -6.350170
-29.874035 176.742493 -6.588049
-31.097422 180.845078 -6.755684
-29.720886 184.818619 -6.879266
-27.374897 188.298477 -7.033518
-25.058228 191.552017 -7.223042
-22.679882 194.975739 -7.407588
-20.360422 198.479782 -7.606567
-18.228252 201.989487 -7.790270
-16.809706 206.089462 -7.981900
-17.094355 210.230530 -8.155275
-19.250320 213.883789 -8.300404
-22.546730 216.417496 -8.342767
-26.022743 218.396698 -8.507414
-29.679224 220.605438 -8.694094
-33.304008 223.123337 -8.839561
-36.536148 225.521637 -8.974229
-39.906677 227.996887 -9.093236
-43.349430 230.429611 -9.214546
-47.001392 232.867249 -9.339668
-50.733681 235.243469 -9.579037
-54.453384 237.584122 -9.773538
-58.051281 239.843491 -9.949630
-61.694508 242.119324 -10.145379
-65.447662 244.466171 -10.347485
-68.851738 246.572205 -10.532276
-72.593590 248.652359 -10.670837
-76.720299 250.093185 -10.856647
-80.872841 250.297119 -11.014108
-84.909775 249.149536 -11.035669
-88.210625 246.746857 -10.938677
-90.410568 243.224075 -10.746920
-90.489120 239.030792 -10.456799
-88.514603 235.432373 -10.138094
-85.321609 232.621384 -9.861578
-81.723869 230.212997 -9.682508
-78.047935 227.987167 -9.543367
-74.087288 225.626984 -9.378822
-70.615784 223.536209 -9.222639
-67.083008 221.422668 -9.058712
-63.433048 219.208862 -8.887023
-59.932343 217.091644 -8.685388
-56.342060 214.895523 -8.451437
-52.962025 212.732300 -8.345501
-49.135654 210.279953 -8.228798
-45.419735 207.889328 -8.094724
-41.712921 205.573730 -7.951638
-38.318424 203.431870 -7.810559
-34.674828 201.132706 -7.591163
-31.331903 198.715164 -7.499237
-28.741676 195.553085 -7.399152
-28.011398 191.505905 -7.192159
-29.314081 187.749298 -6.988801
-31.459801 184.429733 -6.875064
-33.887703 180.855118 -6.776761
-36.157764 177.348679 -6.670115
-38.391232 173.703857 -6.565581
-40.705719 170.072998 -6.443925
-42.980873 166.546066 -6.282293
-45.108631 163.135910 -6.121997
-47.208782 159.600494 -5.944944
-49.383656 156.137650 -5.778991
-52.341091 153.143906 -5.722290
-56.079800 151.658417 -5.727908
-60.061771 151.804703 -5.751893
-64.184769 153.210678 -5.798295
-68.079048 155.157822 -5.999967
-71.604698 157.169403 -6.135568
-75.231880 159.328430 -6.247539
-78.933029 161.560684 -6.367843
-82.661705 163.847519 -6.477730
-86.449699 166.195770 -6.591114
-89.814011 168.322159 -6.791618
-93.201065 170.495514 -7.006835
-97.012566 172.962021 -7.210248
-100.678017 175.369705 -7.378332
-104.163643 177.690292 -7.527470
-107.819809 180.156464 -7.696177
-111.129883 182.385223 -7.818103
-114.554199 184.567200 -7.941605
-118.647850 186.219513 -8.162535
-123.026855 186.237946 -8.309585
-126.925873 184.338806 -8.386351
-129.342697 181.060104 -8.330081
-130.061569 176.662033 -8.114546
-129.124390 172.661041 -7.864764
-126.800987 169.004684 -7.597479
-123.729408 166.207352 -7.383857
-120.092613 163.910126 -7.290009
-116.102142 161.814468 -7.142876
-112.601151 159.851166 -6.997397
-109.084366 157.796951 -6.849584
-105.415771 155.531830 -6.680360
-101.901878 153.265747 -6.488537
-98.350128 150.904114 -6.261529
-94.696655 148.436295 -6.116563
-91.150764 146.002731 -6.026801
-87.584534 143.540802 -5.886600
-84.076416 141.130829 -5.752391
-80.788834 138.872055 -5.598059
-77.063126 136.590942 -5.436005
-73.029129 135.047882 -5.264595
-68.960732 134.547867 -5.262010
-64.816444 135.140152 -5.273255
-60.974403 136.987930 -5.347674
-57.879631 139.870682 -5.461377
-55.503193 143.172928 -5.529243
-53.214733 146.670517 -5.597201
-51.037586 150.113907 -5.650084
-48.717213 153.777802 -5.718369
-46.328236 157.521545 -5.873471
-44.119488 160.966995 -6.022346
-41.965870 164.342453 -6.173696
-39.792938 167.745224 -6.323116
-37.722862 171.179459 -6.477867
-36.609692 175.043915 -6.606182
-37.174030 179.041275 -6.731920
-39.403999 182.494080 -6.817742
-42.632427 185.213516 -6.766183
-46.098316 187.491730 -6.634765
-49.809975 189.771973 -6.541120
-53.254742 191.893143 -6.492643
-56.673344 194.014832 -6.426229
-60.238361 196.211060 -6.372015
-63.806858 198.416687 -6.309854
-67.306877 200.591782 -6.278239
-70.997505 202.855804 -6.246123
-74.510948 205.006836 -6.213471
-78.062935 207.179489 -6.196674
-81.530251 209.293839 -6.158902
-85.288933 211.548553 -6.135469
-88.805489 213.625137 -6.112310
-92.333420 215.777695 -6.091117
-95.645241 218.236298 -6.190208
-98.178505 221.695724 -6.476117
-98.726433 226.048935 -6.703825
-97.005234 229.783371 -6.851250
-93.393517 232.203323 -6.951851
-89.350342 232.505722 -6.887474
-85.542564 231.304489 -6.702287
-81.742004 229.219986 -6.576633
-78.304344 227.127487 -6.468212
-74.684738 224.921066 -6.307389
-70.951714 222.644485 -6.162179
-67.334259 220.442886 -5.981756
-63.762409 218.296524 -5.805408
-60.227551 216.192871 -5.632738
-56.663849 214.092804 -5.472821
-53.153809 212.022034 -5.369538
-49.653709 209.923508 -5.275964
-45.806324 207.530273 -5.189515
-42.313896 205.173492 -5.070406
-39.032288 202.742188 -4.912814
-35.476471 200.195618 -4.760423
-31.798580 198.227859 -4.685605
-27.703669 197.476562 -4.726768
-23.451946 198.520844 -4.790354
-20.123003 201.117844 -4.910934
-18.158293 204.789017 -5.077042
-17.785170 208.938568 -5.288558
-19.181486 213.032730 -5.474247
-21.785620 216.048004 -5.552131
-24.990612 218.422470 -5.674151
-28.560806 220.660202 -5.813046
-32.222729 222.839249 -5.929581
-35.937939 225.005737 -6.037205
-39.639412 227.135818 -6.145183
-43.379436 229.319962 -6.257838
-47.163315 231.553085 -6.386149
-50.887707 233.792160 -6.549576
-54.703671 236.084564 -6.733717
-58.477276 238.390244 -6.946205
-62.172482 240.666946 -7.098320
-65.817749 242.959991 -7.201142
-69.276077 245.198502 -7.329534
-72.802925 247.527527 -7.465779
-76.315552 249.529633 -7.658823
-80.506989 250.569061 -7.824925
-84.641327 249.879669 -7.839428
-88.106209 247.497238 -7.750498
-90.500000 243.962219 -7.614122
-92.475555 240.401947 -7.440171
-94.638702 236.574265 -7.254067
-96.943657 232.814987 -7.064691
-99.239174 229.344666 -6.878397
-101.808411 225.713058 -6.776342
-104.436371 222.118362 -6.673761
-107.044304 218.473511 -6.555177
-109.521149 214.945251 -6.438695
-111.934311 211.425751 -6.332681
-114.294807 207.825638 -6.205440
-116.478386 204.322739 -6.071661
-118.672302 200.750870 -5.932494
-120.928848 197.202972 -5.795737
-123.205429 193.640976 -5.746927
-125.412521 190.257187 -5.678311
-127.622406 186.873444 -5.605727
-129.746063 183.293854 -5.521832
-131.090302 179.392822 -5.400455
-131.031616 175.310379 -5.230336
-129.468262 171.412506 -5.026934
-126.601723 168.316437 -4.754012
-123.140877 166.019531 -4.565103
-119.397560 163.893036 -4.416780
-115.572327 161.682281 -4.267197
-111.875999 159.463745 -4.133658
-108.147675 157.196304 -3.958293
-104.448471 154.916519 -3.751609
-100.868515 152.713928 -3.542984
-97.259285 150.462265 -3.359716
-93.677444 148.199982 -3.251180
-90.047661 145.912552 -3.155920
-86.296455 143.439407 -3.030704
-82.740875 140.976425 -2.890956
-79.375381 138.577133 -2.742555
-76.067940 136.346497 -2.597840
-72.184845 134.423874 -2.517099
-67.951653 133.451843 -2.487254
-63.897522 133.787064 -2.464236
-60.023468 135.585358 -2.493658
-56.969463 138.601456 -2.573210
-55.413246 142.414581 -2.677233
-55.950512 146.560898 -2.797363
-58.383869 149.762451 -2.891843
-61.907799 151.997726 -2.932183
-65.574913 153.757584 -3.040378
-69.545143 155.750793 -3.205201
-73.125885 157.705261 -3.327169
-76.760422 159.842087 -3.408760
-80.353668 162.021301 -3.507782
-84.019623 164.279541 -3.608857
-87.686203 166.534286 -3.709118
-91.370331 168.800888 -3.899770
-95.054298 171.069672 -4.115057
-98.836296 173.395569 -4.330692
-102.424477 175.618607 -4.496966
-105.995407 177.816879 -4.633629
-109.507523 179.994110 -4.778349
-112.933006 182.180740 -4.905344
-116.268562 184.756607 -5.072109
-118.831024 188.064941 -5.340351
-120.088814 191.957382 -5.566224
-119.841606 195.920639 -5.708298
-117.592819 199.478241 -5.824872
-113.797180 201.372360 -5.843404
-109.691856 201.280792 -5.732472
-106.014160 199.778763 -5.508146
-102.486595 197.459351 -5.168020
-99.273781 195.118622 -4.787865
-95.886536 192.744049 -4.377700
-92.274582 190.306030 -3.987731
-88.621155 187.943649 -3.623639
-84.885590 185.605759 -3.266464
-81.086983 183.290253 -2.864194
-77.677231 181.206100 -2.515119
-73.879898 178.901413 -2.164286
-70.088013 176.635117 -1.833667
-66.231438 174.425705 -1.508831
-62.581886 172.424362 -1.147499
-58.820324 170.441895 -0.806758
-55.217392 168.334930 -0.432510
-51.949112 165.709976 -0.279280
-49.675964 162.227371 -0.128576
-49.001740 158.252304 0.057292
-50.210072 154.201111 0.248704
-53.349113 151.296173 0.269092
-57.264732 150.440048 0.230337
-61.115589 151.397797 0.175805
-64.879829 153.511108 0.093917
-68.230240 155.824707 -0.105243
-71.792099 158.371063 -0.340331
-75.273888 160.802704 -0.489661
-78.919769 163.261795 -0.613779
-82.510651 165.608902 -0.730032
-86.181740 167.995773 -0.891021
-89.767578 170.289200 -1.108349
-93.343460 172.522400 -1.330341
-97.026321 174.802002 -1.534413
-100.880974 177.139130 -1.747054
-104.589180 179.348251 -1.893826
-108.181038 181.440475 -2.075820
-111.748634 183.547501 -2.220291
-115.346481 185.547821 -2.356509
-119.488457 186.966782 -2.629176
-123.923843 186.786240 -2.803709
-127.794968 184.979233 -2.861595
-130.493713 181.805832 -2.796580
-131.576660 177.747925 -2.660847
-130.828476 173.475052 -2.458672
-128.450836 169.863815 -2.184525
-125.175064 167.004639 -1.885368
-121.747711 164.739227 -1.745947
-118.088470 162.571976 -1.600523
-114.291183 160.419708 -1.406931
-110.820023 158.449341 -1.245330
-107.060143 156.204788 -1.003204
-103.476921 153.938599 -0.796543
-99.855797 151.533707 -0.601836
-96.341309 149.183273 -0.405766
-92.828300 146.810959 -0.235146
-89.280510 144.428696 -0.095658
-85.874786 142.131927 0.038309
-82.565361 139.876465 0.186395
-79.104729 137.507675 0.371523
-75.659431 135.312119 0.555462
-71.913521 133.604996 0.633466
-67.524620 133.090134 0.673277
-63.633465 134.176834 0.699378
-60.168793 136.718292 0.665722
-57.522011 139.926102 0.566737
-55.293522 143.434433 0.474852
-53.071156 147.057968 0.387992
-50.830719 150.555206 0.311600
-48.546326 154.042343 0.269728
-46.215683 157.555222 0.082842
-43.853291 161.116531 -0.067487
-41.521912 164.644272 -0.208853
-39.193378 168.189011 -0.341941
-36.901539 171.715912 -0.485433
-34.612419 175.333572 -0.633418
-32.395008 178.941193 -0.758248
-30.209312 182.566635 -0.890621
-28.065491 186.120758 -0.998722
-25.963959 189.605560 -1.214217
-23.731892 193.168320 -1.399899
-21.516685 196.540161 -1.562241
-19.217041 200.178452 -1.729229
-17.568758 204.126678 -1.941751
-17.184586 208.513763 -2.189876
-18.129341 212.413055 -2.387506
-20.305450 215.845001 -2.541168
-23.515375 218.520477 -2.638542
-27.282736 220.681244 -2.778099
-31.120859 222.725647 -2.952441
-34.947525 224.879166 -3.083170
-38.713749 227.124619 -3.208975
-42.428566 229.369675 -3.335161
-45.977253 231.529526 -3.476524
-49.376495 233.621445 -3.662913
-53.053532 235.907181 -3.848457
-56.771721 238.246979 -4.054319
-60.400856 240.559937 -4.230581
-64.046089 242.999969 -4.407327
-67.354965 245.276352 -4.573258
-70.856560 247.722977 -4.732057
-74.475677 249.876373 -4.882226
-78.447037 251.034286 -5.091186
-82.681534 250.824814 -5.177550
-86.486557 249.235825 -5.148463
-89.487801 245.982193 -5.001019
-90.415047 241.780289 -4.781935
-89.411537 237.732346 -4.518219
-86.919571 234.151337 -4.209618
-83.876427 231.362930 -3.931624
-80.258446 228.793915 -3.777704
-76.795540 226.471039 -3.655051
-73.221054 224.131332 -3.508903
-69.546204 221.763138 -3.317749
-65.800735 219.401581 -3.058418
-62.147533 217.132202 -2.865062
-58.578735 214.931732 -2.689856
-54.981270 212.736984 -2.546207
-51.369667 210.559052 -2.393309
-47.690197 208.345032 -2.275317
-44.173897 206.266617 -2.175624
-40.662395 204.234619 -2.035929
-37.041019 202.055542 -1.851272
-33.750759 199.752060 -1.654173
-30.735909 196.808197 -1.567945
-28.835094 193.112305 -1.391374
-28.584087 188.843948 -1.155547
-30.430517 185.125443 -0.975053
-33.988617 182.833862 -0.916430
-38.281742 182.514313 -0.931057
-42.032871 183.937210 -1.005975
-45.562111 186.187637 -0.989648
-49.073338 188.690414 -0.921975
-52.547462 191.091766 -0.880112
-56.099113 193.549881 -0.832376
-59.576057 195.921860 -0.806193
-62.952194 198.218399 -0.784372
-66.626877 200.662323 -0.767208
-70.446533 203.142563 -0.724852
-73.907600 205.356033 -0.739245
-77.428101 207.579987 -0.727088
-80.891602 209.739151 -0.677379
-84.763939 212.071060 -0.633756
-88.370621 214.304840 -0.604188
-91.860207 216.724777 -0.584987
-94.830070 219.558182 -0.717146
-96.964592 222.965195 -0.967124
-97.810059 227.115829 -1.229236
-96.593071 230.952011 -1.420830
-93.542084 233.694885 -1.558409
-89.414093 234.378662 -1.525199
-85.565514 233.061722 -1.320349
-81.950043 230.632217 -1.136699
-78.625366 227.985764 -0.972817
-75.188957 225.162277 -0.757845
-71.720078 222.285797 -0.550857
-68.177711 219.477539 -0.315014
-64.596138 216.779022 -0.084880
-61.058247 214.263382 0.160140
-57.364204 211.780426 0.391017
-53.884914 209.556580 0.538680
-50.494431 207.384293 0.670769
-46.901814 205.015472 0.815517
-43.358521 202.609879 1.010460
-39.861786 200.235611 1.201671
-36.426025 197.926956 1.392515
-32.888687 195.691589 1.499769
-29.237181 193.870010 1.599486
-25.042006 193.302673 1.660019
-21.092054 194.630051 1.602065
-18.243347 197.671402 1.490411
-16.809254 201.844666 1.282694
-16.609760 206.233887 1.007403
-17.520309 210.212433 0.761851
-19.494837 213.732101 0.576050
-22.355652 216.604614 0.447534
-25.725922 219.041595 0.227641
-29.377262 221.310791 0.023074
-32.837780 223.313416 -0.101055
-36.804485 225.510025 -0.237886
-40.491280 227.511337 -0.388889
-44.167305 229.485901 -0.529607
-48.108986 231.607956 -0.673360
-51.921635 233.682007 -0.864688
-55.685665 235.747879 -1.106617
-59.229557 237.737091 -1.316528
-63.187862 239.988205 -1.517397
-66.939758 242.172287 -1.650444
-70.620216 244.332932 -1.793897
-74.303879 246.375031 -1.909443
-78.069534 247.995316 -2.114890
-82.181404 248.806290 -2.277947
-86.328232 248.444931 -2.338013
-90.266518 246.661285 -2.309309
-93.471588 243.695740 -2.218317
-95.998596 239.998016 -2.039776
-98.140045 236.077866 -1.814102
-100.201935 232.229782 -1.569657
-102.418098 228.261993 -1.427586
-104.446190 224.797379 -1.308257
-106.602348 221.262253 -1.163665
-108.783577 217.792542 -1.031762
-111.026329 214.365631 -0.865665
-113.373535 210.834030 -0.749473
-115.710098 207.347275 -0.602652
-118.000908 203.945511 -0.439788
-120.439995 200.230316 -0.260665
-122.779015 196.659393 -0.154100
-125.076363 193.058044 -0.068738
-127.279373 189.385635 0.039498
-129.280167 185.748596 0.165804
-130.902008 181.906006 0.331445
-131.594055 177.762650 0.512294
-131.126099 173.644501 0.735617
-129.206177 169.799362 1.009516
-126.067871 166.765274 1.298031
-122.174866 164.297943 1.475929
-118.615143 162.289185 1.627100
-114.964211 160.303558 1.797537
-111.217354 158.268219 1.943168
-107.471169 156.221268 2.160935
-103.806808 154.199966 2.352560
-100.121994 152.149612 2.566538
-96.512497 150.091553 2.792219
-92.874146 147.974060 2.916659
-89.226471 145.814270 3.039573
-85.578300 143.596527 3.176099
-82.142838 141.447372 3.336781
-78.432289 139.045914 3.559605
-74.919312 136.966248 3.740362
-71.062622 135.375473 3.847323
-66.664368 134.752792 3.900270
-62.552799 135.715302 3.936303
-59.222866 138.529877 3.854120
-57.876724 142.391418 3.727395
-58.510452 146.403870 3.537144
-60.946728 149.774918 3.389125
-64.581703 152.277206 3.288622
-68.354309 154.263718 3.069593
-71.933426 156.142059 2.843796
-75.522446 158.105286 2.692786
-79.158318 160.178711 2.579086
-82.874031 162.405762 2.429896
-86.508377 164.684998 2.255605
-90.194489 167.011093 2.046464
-93.979179 169.386887 1.831558
-97.683479 171.658005 1.617493
-101.382248 173.869583 1.378901
-104.921829 175.927139 1.201168
-108.705521 178.065994 1.061316
-112.227142 180.202179 0.943063
-115.441994 182.541458 0.817244
-118.329430 185.685699 0.522347
-120.135506 189.619186 0.235876
-120.604172 193.596512 0.038677
-119.837296 197.561630 -0.112808
-117.971802 201.330795 -0.296568
-115.521713 204.987915 -0.457953
-113.217026 208.302353 -0.599917
-110.921425 211.605255 -0.729154
-108.457054 215.263336 -0.875879
-106.226089 218.578873 -1.002704
-103.846436 222.222092 -1.141469
-101.510506 225.891769 -1.265871
-99.218246 229.192871 -1.364437
-96.239738 231.945892 -1.477193
-92.599091 233.586777 -1.537106
-88.528038 233.851807 -1.459855
-84.593643 232.742966 -1.259063
-80.661591 230.562500 -1.109684
-77.300720 228.198257 -0.989371
-74.097023 225.900803 -0.803459
-70.564720 223.391830 -0.625843
-66.911079 220.841141 -0.391171
-63.411892 218.440689 -0.179837
-59.854656 216.058121 0.060407
-56.365967 213.766998 0.273937
-52.867954 211.496368 0.422648
-49.454239 209.270645 0.552236
-45.727093 206.825470 0.711013
-42.160007 204.508636 0.878682
-38.778801 202.291428 1.078383
-35.332733 199.720520 1.295986
-32.408379 196.659576 1.448945
-30.526203 192.824112 1.655463
-30.024847 188.573547 1.913059
-30.986584 184.316025 2.112384
-32.756050 180.683334 2.245264
-34.893295 177.075592 2.385511
-37.224697 173.408707 2.536955
-39.654354 169.703018 2.709259
-42.094193 166.040009 2.860654
-44.560791 162.338913 3.029578
-46.899925 158.790466 3.193253
-49.177105 155.327209 3.382927
-51.516853 151.686264 3.476738
-53.818649 148.097794 3.569051
-56.133595 144.552887 3.668744
-58.622128 141.229233 3.768418
-61.682659 138.404892 3.831738
-65.446884 136.563858 3.840624
-69.558525 136.005295 3.825344
-73.895508 136.900818 3.780559
-77.532906 138.682343 3.588923
-81.137093 140.961563 3.377826
-84.947990 143.453079 3.195730
-88.682541 145.897324 3.064259
-91.988754 148.059387 2.921412
-95.327171 150.240997 2.779442
-99.000107 152.606995 2.590423
-102.373276 154.753815 2.403084
-106.080688 157.085419 2.162071
-109.751755 159.343689 1.906018
-113.321106 161.496643 1.732548
-116.783066 163.549759 1.612381
-120.527534 165.680862 1.453970
-123.888092 167.862854 1.299211
-126.758324 170.869003 1.032194
-128.479507 174.870514 0.743155
-128.606110 179.212418 0.519463
-127.395576 183.092026 0.355029
-125.231743 186.930923 0.216936
-123.051918 190.299118 0.116154
-120.919380 193.742401 0.031458
-118.910919 197.209442 -0.061062
-116.902328 200.614594 -0.228769
-114.814667 204.041672 -0.383646
-112.601250 207.565216 -0.541838
-110.411430 211.014923 -0.681706
-108.168434 214.569946 -0.817979
-105.917732 218.128845 -0.966910
-103.698372 221.659943 -1.101873
-101.513145 225.168686 -1.230357
-99.424828 228.550949 -1.347041
-97.300758 232.005707 -1.509116
-95.215401 235.415421 -1.693644
-92.852234 239.190857 -1.892285
-90.434502 242.761002 -2.068530
-87.760155 246.001282 -2.199686
-84.215462 248.410995 -2.278993
-80.106590 249.079895 -2.237262
-75.936882 247.913284 -2.046317
-72.204018 245.970856 -1.882795
-68.746582 243.993546 -1.754166
-65.074577 241.855667 -1.570023
-61.295799 239.618179 -1.440131
-57.629189 237.428574 -1.251559
-53.906963 235.182999 -1.044398
-49.995541 232.797592 -0.787868
-46.206383 230.495926 -0.579827
-42.658760 228.329224 -0.433302
-39.131969 226.177597 -0.304033
-35.667015 224.057709 -0.163898
-32.273727 221.965759 -0.026268
-28.730762 219.812180 0.140002
-24.990610 217.507675 0.355279
-21.565273 214.919540 0.521661
-18.885651 211.601944 0.681602
-17.816793 207.676880 0.893593
-18.480808 203.660095 1.132353
-20.460533 200.055099 1.318928
-23.633724 197.329849 1.433510
-27.766308 196.100037 1.454097
-31.952980 196.446518 1.448889
-35.717266 197.763275 1.418649
-39.389248 199.837128 1.219102
-43.103256 202.351562 0.983227
-46.359188 204.623535 0.835807
-49.635414 206.938339 0.719177
-53.309715 209.508759 0.544444
-56.996216 212.042557 0.352850
-60.650494 214.527420 0.147656
-64.315125 216.985718 -0.068441
-67.994156 219.405579 -0.279057
-71.676727 221.786713 -0.518006
-75.236328 224.036423 -0.693105
-79.103004 226.324448 -0.877459
-82.842720 228.265503 -0.995028
-86.720230 229.732651 -1.112975
-90.698746 230.513184 -1.275488
-95.143173 230.424164 -1.357349
-99.279854 229.112488 -1.352142
-102.763115 226.824081 -1.346880
-105.856728 223.776688 -1.276827
-108.638718 220.404465 -1.166764
-111.051285 217.159393 -1.034606
-113.592552 213.400696 -0.880116
-115.889961 209.689331 -0.729459
-118.080643 205.932938 -0.563063
-120.084373 202.309723 -0.390978
-122.031662 198.575089 -0.195815
-123.865326 194.757950 -0.109269
-125.533447 190.916946 0.016923
-127.021370 186.996338 0.167293
-128.228714 182.971832 0.342300
-128.722824 178.882629 0.540709
-127.982986 174.803680 0.757621
-125.995293 171.125198 1.036759
-122.980171 167.987900 1.306550
-119.729065 165.560196 1.470187
-116.119400 163.349686 1.619552
-112.434212 161.272919 1.758508
-108.678421 159.201584 1.935745
-104.991173 157.214523 2.170967
-101.363625 155.284042 2.378254
-97.456863 153.272980 2.595478
-93.460533 151.278214 2.764931
-89.948639 149.524200 2.904558
-86.330788 147.667648 3.023298
-82.687012 145.736420 3.121177
-79.180840 143.813782 3.265835
-75.693466 141.874481 3.483662
-71.948547 139.865433 3.709594
-68.057808 138.238525 3.753202
-63.819183 137.588699 3.820671
-59.734390 138.329559 3.849025
-56.189453 140.357971 3.836160
-53.347237 143.435547 3.746899
-51.308903 147.190857 3.632923
-50.068825 151.030136 3.515581
-48.924908 154.940323 3.398365
-47.537228 158.738297 3.183686
-45.529465 162.513245 3.012396
-43.199791 166.018402 2.852025
-40.681068 169.345016 2.710425
-38.032425 172.674377 2.569312
-35.389652 175.927673 2.433416
-32.898479 179.015915 2.318449
-30.580399 182.447296 2.184314
-29.210203 186.522751 2.046046
-29.530203 190.626938 1.782028
-31.469036 194.487411 1.561212
-34.635128 197.701889 1.419033
-38.079659 200.354843 1.195992
-41.371288 202.725281 0.981508
-44.860115 205.142944 0.820202
-48.420696 207.546280 0.678810
-51.970295 209.895584 0.512909
-55.532909 212.239441 0.340037
-59.026501 214.500717 0.204014
-62.411278 216.727676 0.001694
-66.021477 219.112045 -0.248832
-69.549538 221.514801 -0.493324
-73.033325 223.974075 -0.699397
-76.495033 226.477386 -0.853957
-79.810921 228.918137 -1.017465
-83.072273 231.307800 -1.158383
-86.621544 233.361938 -1.362811
-90.829903 234.255035 -1.550749
-94.912422 233.560196 -1.575090
-98.424950 231.261627 -1.474744
-100.595619 227.588181 -1.328235
-100.774925 223.306641 -1.117031
-98.935562 219.447586 -0.857531
-95.820114 216.503738 -0.542749
-92.355858 214.027206 -0.465288
-88.838799 211.734665 -0.472815
-85.194092 209.439636 -0.482563
-81.524498 207.127594 -0.522917
-77.848778 204.778320 -0.540373
-74.233292 202.454498 -0.555312
-70.594772 200.115845 -0.563248
-66.960228 197.796570 -0.584202
-63.434715 195.521500 -0.638065
-59.972702 193.297974 -0.700262
-56.304943 190.991959 -0.737212
-52.789818 188.834366 -0.797313
-49.247738 186.720657 -0.828335
-45.523045 184.439438 -0.926209
-42.231876 182.025162 -0.932631
-39.643951 178.788025 -0.798862
-38.557972 174.723801 -0.640301
-39.548187 170.656723 -0.453553
-42.389893 167.778061 -0.350705
-46.539818 166.726929 -0.333232
-50.405376 167.668991 -0.370685
-53.959457 169.689041 -0.433529
-57.366604 171.862915 -0.814883
-61.060585 174.198868 -1.161759
-64.743210 176.463104 -1.517098
-68.396767 178.700500 -1.842736
-72.042244 180.936996 -2.171796
-75.657799 183.147629 -2.511825
-79.237389 185.355225 -2.865797
-82.916260 187.591400 -3.211047
-86.535332 189.790146 -3.579115
-90.127617 191.972809 -3.928207
-93.736923 194.147141 -4.335378
-97.284012 196.261520 -4.709063
-100.811531 198.393677 -5.080278
-104.139511 200.684555 -5.478332
-106.978691 203.687576 -5.783103
-108.571205 207.685455 -6.068881
-108.157173 211.787430 -6.258518
-105.721191 215.097473 -6.361066
-101.845779 216.611404 -6.344343
-97.824554 216.129410 -6.169137
-93.924286 214.193802 -5.984855
-90.238907 211.763351 -6.007699
-86.782471 209.468643 -6.017982
-83.087425 207.125748 -6.016387
-79.681374 205.036026 -6.027252
-76.197525 202.921906 -6.077170
-72.576363 200.770737 -6.118642
-68.913292 198.616257 -6.144291
-65.120140 196.362549 -6.176472
-61.509270 194.208099 -6.246163
-58.007198 192.104950 -6.289166
-54.393856 189.889877 -6.347150
-50.950859 187.740555 -6.395647
-47.538651 185.608337 -6.479284
-44.090023 183.396408 -6.615724
-40.666908 181.219376 -6.712123
-37.088058 178.977402 -6.729491
-33.567677 176.852707 -6.636601
-30.034014 174.749298 -6.513258
-26.577335 172.737946 -6.257729
-22.975929 170.497833 -6.246069
-20.785288 167.087051 -6.144820
-21.356651 162.885712 -5.920993
-23.469585 159.340302 -5.754031
-25.978033 155.846375 -5.619965
-28.383989 152.448456 -5.488223
-30.931776 148.650620 -5.357063
-33.388702 144.749619 -5.202409
-35.463825 141.314819 -5.067430
-37.631927 137.553574 -4.911764
-39.608604 134.037354 -4.776474
-41.589031 130.481750 -4.605514
-43.746235 126.552078 -4.354075
-45.938042 122.796638 -4.102688
-48.040138 119.333427 -3.813399
-50.114376 115.839615 -3.556760
-52.435341 112.205933 -3.308453
-55.190639 109.215881 -3.133250
-59.136135 107.804970 -3.095031
-63.260101 109.095215 -3.087304
-66.705772 111.453804 -3.164187
-70.068588 113.903397 -3.265000
-73.637611 116.337784 -3.367466
-77.044243 118.554977 -3.464216
-80.660965 120.843506 -3.607783
-84.303139 123.096313 -3.752592
-87.987251 125.339760 -3.889002
-91.812241 127.640823 -4.064455
-95.680679 129.965057 -4.231948
-99.682182 132.337082 -4.405254
-103.124359 134.385956 -4.567407
-106.638016 136.469269 -4.722913
-110.097656 138.535172 -4.905558
-113.659180 140.673950 -5.093025
-117.116280 142.764328 -5.293867
-120.723076 144.943115 -5.490932
-124.215721 147.035095 -5.696678
-127.716927 149.164398 -5.909588
-131.522430 151.513260 -6.150345
-135.172653 153.814026 -6.411213
-138.627243 156.067871 -6.668148
-142.310226 158.449326 -6.947813
-146.069672 160.221970 -7.194938
-150.284256 160.764343 -7.378589
-154.243317 159.512665 -7.460229
-157.410919 156.536148 -7.431281
-159.612259 152.855576 -7.319612
-161.630325 149.008194 -7.189856
-163.499146 145.443192 -7.046746
-165.713654 141.985092 -6.922668
-168.439941 138.876938 -6.860792
-172.005066 136.848679 -6.886551
-176.048676 136.593842 -7.081104
-179.846985 138.060364 -7.287261
-183.160736 140.533966 -7.586749
-184.992157 144.172653 -7.959611
-184.076096 148.520279 -8.110779
-181.747040 152.219101 -8.210991
-179.137283 155.919861 -8.313547
-176.646530 159.465637 -8.395215
-174.042542 163.243408 -8.498623
-171.695740 166.673340 -8.593400
-168.944199 170.695206 -8.711715
-166.580582 174.134445 -8.829736
-164.146088 177.660233 -8.945891
-161.698105 181.192871 -9.070881
-159.231445 184.733337 -9.188342
-156.811798 188.196442 -9.326798
-154.300232 191.803024 -9.472445
-152.069962 195.289825 -9.623647
-149.971451 198.745041 -9.770183
-147.734222 202.598007 -9.956784
-145.587234 206.267868 -10.121591
-143.383636 209.872437 -10.290163
-141.073151 213.299179 -10.463865
-138.117050 216.281036 -10.637272
-134.122162 217.131699 -10.560938
-130.465942 215.481934 -10.242875
-126.877457 213.001785 -9.928422
-123.440933 210.688934 -9.639670
-120.079041 208.485550 -9.351287
-116.725311 206.320297 -9.145240
-113.339142 204.133118 -8.947556
-109.945305 201.943680 -8.746694
-106.360664 199.668518 -8.342122
-102.776321 197.375107 -7.931258
-99.117615 195.041077 -7.538600
-95.517632 192.768005 -7.162989
-91.856316 190.485046 -6.802285
-88.185814 188.202087 -6.440683
-84.417007 185.896332 -6.072436
-80.672218 183.611450 -5.720685
-76.900726 181.324356 -5.392635
-73.202293 179.069763 -5.059722
-69.544647 176.825226 -4.739752
-65.988113 174.632660 -4.425745
-62.566708 172.526703 -4.131200
-58.932461 170.276825 -3.836269
-55.344921 168.037613 -3.500014
-51.927139 165.739105 -3.373568
-48.269085 163.995544 -3.352668
-44.057335 164.581009 -3.403057
-40.692501 166.901337 -3.503896
-38.136597 170.405014 -3.602745
-37.069809 174.286667 -3.765718
-37.569748 178.607895 -3.937654
-39.936184 182.252136 -4.041838
-43.098934 184.977676 -4.104835
-46.833107 187.486084 -4.018854
-50.235767 189.683044 -3.950730
-53.770760 191.906143 -3.847537
-57.416920 194.184738 -3.745486
-61.123379 196.493790 -3.674448
-64.729652 198.713531 -3.627763
-68.486885 201.010330 -3.596773
-71.880188 203.078125 -3.538076
-75.526772 205.302795 -3.491721
-79.322472 207.582108 -3.484104
-83.040321 209.818115 -3.462198
-86.740036 212.174347 -3.431733
-90.282936 214.481674 -3.387098
-93.812538 216.796860 -3.340959
-97.551994 218.930725 -3.614359
-101.593674 219.941605 -3.827746
-105.968208 219.263504 -3.886189
-109.344719 216.786957 -3.861769
-111.493958 213.167923 -3.734833
-112.056717 209.002167 -3.542867
-110.884727 204.931305 -3.304054
-108.358337 201.581635 -3.030598
-105.135185 198.915314 -2.759669
-101.671211 196.707687 -2.341265
-98.125191 194.661942 -1.948163
-94.630165 192.541092 -1.557090
-90.801590 190.221313 -1.130144
-87.195580 188.039200 -0.723876
-83.379593 185.717667 -0.363323
-79.987480 183.594772 -0.000193
-76.569862 181.435455 0.391866
-73.148445 179.277542 0.760144
-69.794617 177.170883 1.087662
-66.129128 174.907211 1.448355
-62.408031 172.663193 1.838612
-58.869930 170.560898 2.232669
-55.458374 168.374084 2.624506
-52.580093 165.414810 2.841469
-51.088936 161.400162 3.037078
-51.285713 157.396103 3.249761
-53.107136 153.573578 3.366462
-56.203304 151.012024 3.399269
-60.215031 150.276978 3.373062
-64.302895 151.404495 3.327733
-68.061920 153.267563 3.114316
-71.931152 155.467590 2.874499
-75.410934 157.511230 2.718439
-78.953407 159.623657 2.594800
-82.513214 161.778534 2.446416
-86.108818 163.957397 2.281150
-89.651245 166.079529 2.132597
-93.109604 168.164658 1.941735
-96.910927 170.450714 1.687803
-100.615150 172.700592 1.434208
-104.181534 174.892883 1.242667
-107.727974 177.091858 1.137808
-111.374313 179.453613 0.976073
-114.778557 181.953339 0.839440
-117.743019 184.816269 0.586546
-119.860619 188.234894 0.325393
-120.628067 192.531998 0.090102
-119.811867 196.486877 -0.064274
-118.028503 200.431091 -0.248427
-115.813156 204.263504 -0.422814
-113.690147 207.688660 -0.578772
-111.457436 211.112534 -0.716269
-109.243332 214.405518 -0.833421
-106.760201 217.952454 -0.983530
-104.226570 221.553162 -1.112011
-101.719902 225.135986 -1.238203
-99.219368 228.386414 -1.334102
-96.042091 231.033539 -1.415691
-92.138924 232.551788 -1.454069
-87.709602 232.400055 -1.343861
-83.901451 230.964233 -1.137336
-80.126755 228.729828 -1.009329
-76.804199 226.494843 -0.872386
-73.328499 224.144943 -0.717432
-69.885529 221.828568 -0.515788
-66.451569 219.564560 -0.277511
-63.069370 217.374451 -0.080514
-59.676899 215.198410 0.113530
-56.294445 213.054871 0.307150
-52.850910 210.899811 0.460794
-49.362263 208.754395 0.583662
-45.847412 206.619461 0.715503
-42.402416 204.531326 0.879891
-38.761562 202.141724 1.089732
-35.567520 199.455460 1.307714
-32.840958 196.179123 1.474530
-31.109154 192.515640 1.676747
-30.427353 188.501419 1.919155
-30.774834 184.418121 2.115005
-31.954659 180.362213 2.266541
-33.629005 176.560699 2.421256
-36.044659 173.059341 2.563954
-39.220123 170.472733 2.668740
-43.023373 169.032303 2.710942
-47.115311 168.872986 2.712419
-51.068230 169.729050 2.690051
-55.102703 171.424667 2.468765
-58.806171 173.422424 2.071769
-62.273895 175.380798 1.737461
-66.120323 177.581512 1.347536
-69.672585 179.625427 0.986998
-73.186920 181.653076 0.653545
-76.672333 183.684174 0.324116
-80.370316 185.835770 -0.087430
-83.855049 187.908844 -0.470634
-87.513885 190.117859 -0.848054
-90.940536 192.204071 -1.217539
-94.423309 194.332672 -1.611501
-98.033081 196.569458 -2.036928
-101.716766 198.822708 -2.458460
-105.250793 201.303268 -2.857028
-108.044647 204.542389 -3.168927
-109.303192 208.610336 -3.433342
-108.821014 212.716721 -3.621188
-107.075302 216.649872 -3.785717
-104.934624 220.155533 -3.900097
-102.742035 223.608688 -4.001700
-100.453987 227.272934 -4.105192
-98.113480 230.513275 -4.197079
-94.769562 232.959656 -4.301954
-90.739494 233.634445 -4.261105
-86.774406 232.768768 -4.100726
-83.120911 231.102982 -3.915772
-79.443794 228.921234 -3.782511
-76.030182 226.819199 -3.661225
-72.464821 224.637390 -3.536857
-68.917877 222.463745 -3.355498
-65.363586 220.263931 -3.106188
-61.773758 218.024200 -2.912800
-58.251911 215.801956 -2.736261
-54.800743 213.609039 -2.586786
-51.197498 211.303696 -2.421673
-47.838688 209.149704 -2.312385
-44.162365 206.785477 -2.197208
-40.742378 204.570465 -2.048779
-37.108070 202.218597 -1.853715
-33.641907 199.583740 -1.645319
-31.096786 196.410950 -1.544912
-29.715977 192.569397 -1.356221
-29.688425 188.550827 -1.131447
-31.058973 184.654297 -0.963323
-33.161125 181.011765 -0.839801
-35.261353 177.586441 -0.715701
-37.378624 174.101227 -0.590014
-39.455105 170.624405 -0.438639
-41.549442 167.065369 -0.309633
-43.762920 163.254272 -0.149806
-45.893597 159.566803 0.004413
-48.274860 155.956375 0.177230
-51.351162 152.976227 0.258581
-55.297329 151.343399 0.234489
-59.291363 151.274002 0.199533
-63.333393 152.483704 0.165800
-67.030403 154.287292 -0.018330
-70.903175 156.476410 -0.243449
-74.275681 158.563080 -0.410182
-77.732101 160.757736 -0.505803
-81.085930 162.917999 -0.627017
-84.822464 165.306320 -0.786729
-88.302193 167.516068 -0.940293
-91.738205 169.709793 -1.118641
-95.513039 172.092712 -1.375427
-98.931549 174.245453 -1.592577
-102.588783 176.545868 -1.789873
-106.209618 178.783035 -1.922740
-109.757957 180.957352 -2.081962
-113.374481 183.300110 -2.226198
-116.701225 186.080154 -2.474535
-119.021400 189.599258 -2.742511
-119.788498 193.784149 -2.950154
-118.818672 198.086273 -3.078470
-116.881569 201.895859 -3.260581
-114.432556 205.565247 -3.403490
-112.151337 208.847473 -3.524036
-109.916405 212.149719 -3.627203
-107.644485 215.533447 -3.728084
-105.185455 219.148651 -3.854226
-102.757904 222.697662 -3.962891
-100.360634 226.204391 -4.056874
-97.999649 229.731216 -4.144274
-95.668579 233.342651 -4.342920
-93.395302 237.010574 -4.537773
-91.218880 240.682449 -4.727624
-88.872467 244.316772 -4.893197
-85.763672 247.320602 -5.023148
-81.892799 248.911118 -5.050236
-77.565598 248.743668 -4.915065
-73.727844 247.323975 -4.709288
-69.833015 245.257217 -4.579631
-66.320900 243.241730 -4.460782
-62.744297 241.102631 -4.303639
-59.130684 238.905197 -4.116438
-55.540722 236.714920 -3.923863
-51.962387 234.515945 -3.730347
-48.520145 232.397171 -3.574650
-44.650719 230.027557 -3.391781
-40.878632 227.709915 -3.226381
-37.163517 225.452469 -3.103205
-33.522602 223.242203 -2.991560
-29.991028 221.131744 -2.860722
-26.311905 218.870117 -2.690289
-23.007507 216.224167 -2.499886
-20.635090 212.789474 -2.387913
-19.601349 208.523682 -2.189477
-20.111383 204.522095 -1.974166
-21.687202 200.759888 -1.784390
-23.754436 197.139908 -1.606325
-25.988440 193.558426 -1.424529
-28.221733 190.091309 -1.235083
-30.474321 186.665436 -1.028882
-32.705761 183.200333 -0.925810
-34.959518 179.668243 -0.800105
-37.232128 176.085083 -0.663905
-39.492313 172.494049 -0.523247
-41.800190 168.829681 -0.386732
-44.055099 165.243988 -0.248041
-46.277187 161.677322 -0.104884
-48.441582 158.179291 0.051987
-50.541752 154.786316 0.222510
-52.693783 151.254868 0.274428
-54.802422 147.722626 0.352464
-56.899685 144.142227 0.445077
-58.986584 140.614624 0.542241
-61.425392 137.087036 0.650720
-64.673599 134.361115 0.687160
-68.629372 133.205826 0.669441
-72.910034 133.753082 0.609427
-76.690918 135.529877 0.511199
-80.194107 137.910172 0.329338
-83.681213 140.441742 0.136618
-87.184845 142.963272 -0.021869
-90.458588 145.249893 -0.161515
-94.086670 147.704742 -0.297612
-97.808456 150.132233 -0.458873
-101.625336 152.547150 -0.676862
-105.327988 154.883575 -0.900396
-109.124596 157.241989 -1.136065
-112.612724 159.396530 -1.327543
-116.178352 161.567352 -1.484506
-119.547256 163.752151 -1.668107
-123.092972 166.355667 -1.845735
-125.955711 169.210281 -2.020765
-128.019882 172.946136 -2.310969
-128.652435 177.326233 -2.553939
-127.810143 181.581436 -2.694752
-126.097786 185.169571 -2.815568
-124.089584 188.664215 -2.895254
-122.041138 192.215698 -2.968618
-120.038849 195.716507 -3.040153
-118.033760 199.207458 -3.133412
-115.878609 203.021393 -3.297023
-113.712013 206.805344 -3.450854
-111.491783 210.368637 -3.575567
-108.929047 213.528580 -3.655917
-105.416405 216.044250 -3.712709
-101.417542 217.007355 -3.643671
-97.405457 216.370316 -3.451336
-93.458931 214.379425 -3.301025
-90.019157 212.230255 -3.327693
-86.488403 209.962433 -3.354021
-82.735870 207.564102 -3.405210
-79.340492 205.436264 -3.427114
-75.728394 203.211777 -3.410288
-71.996910 200.903854 -3.450227
-68.325157 198.619003 -3.495982
-64.919334 196.465805 -3.550064
-61.157681 194.123108 -3.602610
-57.617859 191.921921 -3.656217
-54.167717 189.810272 -3.738722
-50.598980 187.670715 -3.849628
-47.131550 185.559341 -3.919899
-43.772388 183.153976 -4.007714
-41.082157 179.919708 -3.926625
-39.760696 176.151138 -3.830940
-39.883732 172.081284 -3.659226
-41.221714 167.963287 -3.534227
-43.057728 164.295166 -3.386602
-45.125813 160.452026 -3.221266
-47.219868 157.057648 -3.073998
-49.936737 153.953644 -2.927354
-53.262516 151.816696 -2.901092
-57.405933 150.814453 -2.902653
-61.479790 151.235458 -2.912530
-65.428917 152.686523 -2.981071
-69.013153 154.597900 -3.139499
-72.541512 156.742340 -3.287621
-76.204254 159.061691 -3.391275
-79.846359 161.392578 -3.478159
-83.538109 163.766937 -3.571765
-87.227264 166.107437 -3.678491
-90.612610 168.238968 -3.863049
-94.332840 170.550629 -4.074623
-98.073013 172.834702 -4.269420
-101.738884 175.057510 -4.451125
-105.513626 177.339447 -4.612237
-109.086006 179.573807 -4.762030
-112.565216 181.894592 -4.888467
-115.890472 184.509964 -5.025296
-118.420517 187.678665 -5.297286
-119.720200 191.793091 -5.547806
-119.325211 195.861023 -5.689686
-117.647697 199.697174 -5.840483
-115.529907 203.123764 -5.968745
-113.244995 206.579086 -6.102291
-110.911583 210.131058 -6.232210
-108.666557 213.570328 -6.352392
-106.498085 216.947739 -6.467035
-104.364723 220.301102 -6.578627
-102.218369 223.747025 -6.687750
-100.046471 227.117416 -6.796168
-97.463211 230.173645 -6.888493
-93.862686 232.492462 -6.976415
-89.956734 233.267609 -6.947781
-85.966522 232.561462 -6.803149
-82.116035 230.766266 -6.661882
-78.615807 228.630676 -6.530311
-75.023911 226.340836 -6.390178
-71.332626 223.979507 -6.261932
-67.724327 221.647308 -6.084218
-64.205383 219.372086 -5.879340
-60.774036 217.167404 -5.684100
-57.220474 214.880417 -5.522040
-53.651836 212.604004 -5.408020
-49.976536 210.311371 -5.295922
-46.225822 207.987228 -5.204188
-42.508739 205.723999 -5.102904
-38.985054 203.566986 -4.960623
-35.357571 201.125565 -4.820139
-32.407612 198.261322 -4.682717
-30.531944 194.747879 -4.584243
-29.880064 190.453064 -4.395140
-30.674423 186.488785 -4.186251
-32.463833 182.522736 -4.067012
-34.462231 178.929108 -3.938112
-36.450508 175.487000 -3.810869
-38.496590 172.011276 -3.672388
-40.564888 168.519516 -3.559517
-42.605343 165.087189 -3.423481
-44.658272 161.685074 -3.282167
-46.889832 158.012314 -3.121884
-49.126629 154.354614 -2.952287
-51.215488 150.955154 -2.875249
-53.506680 147.223724 -2.797524
-55.857075 143.503555 -2.710268
-58.409733 140.025848 -2.617658
-61.497578 137.158035 -2.545456
-65.364799 135.342148 -2.535427
-69.570923 134.955933 -2.533250
-73.791451 136.051071 -2.531801
-77.364037 137.934235 -2.689618
-80.956940 140.230103 -2.859295
-84.636742 142.674454 -3.002181
-88.172997 145.095932 -3.081363
-91.621635 147.506744 -3.185592
-95.007866 149.856720 -3.320029
-98.483223 152.170273 -3.474638
-102.130783 154.462631 -3.651844
-105.798836 156.661057 -3.842164
-109.530655 158.737762 -4.054117
-113.181519 160.702972 -4.204702
-117.037811 162.740631 -4.344621
-120.649719 164.767593 -4.469654
-123.942375 167.136276 -4.609463
-126.693886 170.208603 -4.847216
-128.414032 174.124573 -5.108379
-128.687866 178.357254 -5.281412
-127.565750 182.445435 -5.418553
-125.487686 186.261703 -5.513040
-123.351494 189.648514 -5.588027
-121.174919 193.069519 -5.649618
-118.962532 196.574173 -5.709332
-116.771439 200.038879 -5.845034
-114.559784 203.556183 -5.972129
-112.352570 207.052246 -6.109349
-110.180496 210.527039 -6.241237
-108.025719 213.984650 -6.359659
-105.746544 217.666504 -6.485363
-103.541412 221.292984 -6.606998
-101.330872 224.936676 -6.730830
-99.181732 228.518860 -6.846164
-96.979729 232.173996 -7.018430
-94.732933 235.916122 -7.208014
-92.483124 239.609192 -7.387214
-89.973495 243.184433 -7.555086
-86.976593 246.192139 -7.667314
-83.165642 248.265106 -7.742247
-78.897675 248.892914 -7.690551
-74.619385 247.948425 -7.490207
-71.066811 246.128830 -7.390224
-67.464493 243.865234 -7.277745
-63.748684 241.470490 -7.121888
-60.105221 239.120377 -6.980411
-56.331215 236.731598 -6.783688
-52.658901 234.442963 -6.609426
-48.981224 232.190308 -6.443402
-45.233311 229.949997 -6.280546
-41.505974 227.766830 -6.157843
-37.829185 225.698715 -6.059766
-34.265575 223.766327 -5.989153
-30.421333 221.663101 -5.859527
-26.902218 219.437164 -5.732038
-23.687895 216.803467 -5.561471
-21.164362 213.482788 -5.463513
-19.831312 209.616226 -5.326990
-19.790253 205.462448 -5.123021
-21.053043 201.311691 -4.925974
-23.127888 197.438187 -4.741747
-25.207397 194.001312 -4.589074
-27.255878 190.528458 -4.408977
-29.438265 186.728836 -4.210069
-31.417009 183.229202 -4.086963
-33.504936 179.366745 -3.953704
-35.537590 175.540817 -3.812829
-37.648396 172.174240 -3.681672
-40.523041 169.114609 -3.567670
-44.369473 167.233627 -3.489312
-48.327103 167.057205 -3.444026
-52.152390 168.286316 -3.449000
-55.818634 170.347672 -3.690784
-59.202991 172.419647 -3.962996
-62.615456 174.542343 -4.223171
-66.260185 176.826614 -4.544682
-69.676781 178.966858 -4.845908
-73.109299 181.118454 -5.139172
-76.760551 183.391113 -5.472968
-80.293274 185.588150 -5.790466
-84.037025 187.902695 -6.142275
-87.608086 190.124466 -6.492104
-90.996498 192.208710 -6.821231
-94.595390 194.399063 -7.173539
-98.023109 196.482300 -7.521033
-101.562019 198.685226 -7.902902
-104.752190 201.102264 -8.299946
-107.520744 204.362122 -8.736603
-108.697968 208.471954 -9.076651
-108.140450 212.548019 -9.328058
-106.299370 216.282288 -9.478544
-103.971870 219.778610 -9.566254
-101.693771 223.186203 -9.655573
-99.547264 226.635757 -9.760901
-97.318924 230.260208 -9.921798
-95.131432 233.818008 -10.127021
-92.941757 237.429611 -10.361814
-90.863602 241.029541 -10.586018
-88.571243 244.711655 -10.812377
-85.746552 247.762695 -10.961078
-82.018181 249.595718 -10.995194
-77.722137 249.659241 -10.886825
-73.924667 248.340591 -10.655324
-70.022789 246.237762 -10.549887
-66.443817 244.020950 -10.376216
-62.729805 241.719101 -10.183445
-59.317028 239.610092 -9.991437
-55.842190 237.459839 -9.806039
-52.012352 235.128738 -9.614779
-48.397003 232.863281 -9.399844
-44.757900 230.455460 -9.210006
-41.164215 227.962448 -9.094042
-37.732090 225.568558 -8.968496
-34.442024 223.318161 -8.843606
-30.918983 220.970367 -8.695553
-27.291519 218.638519 -8.549805
-23.950377 216.243698 -8.310605
-20.904896 213.267868 -8.241013
-18.797441 209.591034 -8.119290
-18.511793 205.610596 -7.947627
-19.934486 201.698044 -7.794981
-22.086161 198.215805 -7.576089
-24.526175 194.659103 -7.393483
-26.807699 191.383301 -7.197369
-29.090441 187.955856 -7.006304
-31.364202 184.365814 -6.874616
-33.697708 180.718979 -6.772318
-35.966400 177.251236 -6.673888
-38.334869 173.556061 -6.566627
-40.559757 170.075623 -6.454722
-42.705688 166.702667 -6.292778
-44.935604 163.152267 -6.128103
-47.061985 159.719467 -5.959889
-49.286964 156.071533 -5.788007
-51.374622 152.621643 -5.712039
-53.443336 149.168701 -5.658483
-55.572186 145.606979 -5.589088
-57.802414 141.942734 -5.517048
-60.479794 138.529480 -5.441672
-63.865215 136.068848 -5.343458
-67.909393 134.917053 -5.298748
-71.889755 135.216156 -5.304475
-75.780815 136.760529 -5.419867
-79.226913 138.799011 -5.597713
-82.721870 141.037399 -5.735077
-86.229004 143.330872 -5.868687
-89.728249 145.602341 -5.985035
-93.254433 147.873016 -6.096282
-96.721207 150.102463 -6.191945
-100.208511 152.338379 -6.388391
-103.784096 154.640060 -6.611912
-107.430756 156.945724 -6.790123
-111.066879 159.217926 -6.953242
-114.608978 161.369125 -7.099087
-118.314163 163.526428 -7.252827
-121.827217 165.615891 -7.374778
-125.275406 168.094971 -7.480282
-127.913002 171.454086 -7.773215
-129.100037 175.348663 -8.005187
-128.737183 179.524597 -8.232778
-127.074142 183.292404 -8.360855
-124.895744 186.910629 -8.414179
-122.614449 190.483826 -8.483219
-120.434212 193.969742 -8.549931
-118.237869 197.487930 -8.649787
-115.972366 201.157059 -8.830405
-113.713860 204.875702 -9.008254
-111.461578 208.578613 -9.171207
-109.372559 212.003937 -9.332629
-107.049271 215.804718 -9.472820
-104.936157 219.369537 -9.578518
-102.780327 223.101959 -9.679074
-100.697472 226.561234 -9.799151
-98.152580 230.008102 -9.919422
-94.939095 232.617065 -10.041188
-91.072716 233.615280 -10.058767
-86.773132 232.957855 -9.921346
-83.012215 231.451874 -9.761138
-79.377525 229.605316 -9.642267
-75.674652 227.564301 -9.514826
-72.230560 225.566666 -9.363388
-68.755943 223.513733 -9.212948
-65.256065 221.373093 -9.051570
-61.823071 219.254074 -8.855062
-58.375706 217.159073 -8.648656
-54.904583 215.045135 -8.471742
-51.145245 212.765854 -8.353543
-47.467766 210.540298 -8.243329
-43.988842 208.375931 -8.129687
-40.509533 206.160019 -8.004435
-37.182240 203.894043 -7.822937
-33.816532 201.371185 -7.596896
-30.854919 198.626099 -7.513329
-28.689280 195.227036 -7.389992
-28.134361 191.096725 -7.174177
-29.353977 187.297226 -6.967182
-31.340227 183.747437 -6.853473
-33.436192 180.318695 -6.759119
-35.668343 176.850632 -6.653287
-37.970966 173.298203 -6.553351
-40.168423 169.959061 -6.451265
-42.381851 166.539749 -6.290808
-44.708286 162.815659 -6.114028
-46.772488 159.370850 -5.946408
-49.049706 155.936813 -5.783867
-51.996292 153.162064 -5.731294
-55.862232 151.592743 -5.728515
-59.997471 151.510071 -5.748240
-64.210022 152.770584 -5.786092
-68.055252 154.728104 -5.987722
-71.645233 156.881668 -6.134432
-75.444252 159.213654 -6.251523
-79.228432 161.550766 -6.375444
-82.960419 163.861404 -6.483578
-86.742645 166.198807 -6.595220
-90.408562 168.494766 -6.824441
-93.781418 170.586014 -7.042996
-97.207748 172.686966 -7.212174
-101.024193 175.006195 -7.390061
-104.687920 177.222946 -7.541799
-108.163429 179.317245 -7.678201
-111.926651 181.511230 -7.807612
-115.403282 183.964554 -7.933887
-117.983887 187.065536 -8.194997
-119.077667 191.025330 -8.392946
-118.349174 195.200439 -8.535164
-116.677673 198.944366 -8.697682
-115.487213 203.126556 -8.927483
-116.517906 207.278488 -9.173522
-119.325439 210.302734 -9.438315
-122.598656 212.623230 -9.733969
-125.948563 214.841934 -10.018807
-129.439026 216.983429 -10.336722
-133.381393 218.344208 -10.643897
-137.720810 218.125656 -10.771582
-141.964096 216.336227 -10.733210
-145.341949 213.645340 -10.646529
-148.111725 210.508392 -10.537754
-150.802139 206.827347 -10.377450
-153.554672 202.666763 -10.174573
-155.801697 199.234528 -10.026269
-158.170486 195.646942 -9.865536
-160.646820 191.865448 -9.714507
-163.195923 187.959702 -9.558602
-165.970596 183.671799 -9.409085
-168.695145 179.442642 -9.241942
-171.471344 175.084442 -9.092465
-174.313126 170.634277 -8.932060
-177.015854 166.363495 -8.800669
-179.690704 162.131180 -8.676092
-182.403244 157.822784 -8.563324
-184.942688 153.790039 -8.433981
-187.408737 149.808350 -8.320230
-189.806061 145.816208 -8.204433
-192.101334 141.866867 -8.099853
-194.336578 137.883423 -7.980221
-196.373138 133.966110 -7.898160
-198.425430 129.803192 -7.759264
-200.180878 125.941750 -7.620532
-201.896957 121.819542 -7.551901
-203.447540 117.733047 -7.438470
-204.924210 113.477127 -7.305014
-206.241959 109.239098 -7.169677
-207.411499 105.017166 -7.006978
-208.450027 100.855942 -6.873802
-209.380585 96.675667 -6.716270
-210.159073 92.568260 -6.577090
-210.842178 88.406570 -6.433891
-211.419769 84.187843 -6.283544
-211.874100 80.085007 -6.125619
-212.209930 76.003578 -5.969121
-212.423676 72.007317 -5.830233
-212.519699 67.974449 -5.686738
-212.442596 63.011559 -5.487086
-212.164703 57.978168 -5.274466
-211.753265 53.300667 -5.050235
-211.232620 48.654167 -4.836331
-210.625381 44.211922 -4.644490
-209.901443 39.916874 -4.442709
-208.909637 35.304134 -4.305481
-207.849701 30.968262 -4.056173
-206.741989 26.983910 -3.883159
-205.419937 22.773628 -3.687786
-204.134644 18.901756 -3.527902
-202.747299 15.053109 -3.383306
-201.144943 11.012392 -3.167888
-198.989731 7.369613 -2.947532
-195.946304 4.316608 -2.714973
-192.378525 2.210226 -2.522846
-188.112793 1.010536 -2.289014
-183.967606 0.899935 -2.184231
-179.625320 1.723501 -2.105091
-175.248398 3.333768 -2.130726
-171.336853 4.963171 -2.102799
-167.454117 6.613499 -2.046552
-163.511230 8.276704 -2.008052
-159.451065 9.999677 -1.949849
-155.272598 11.785291 -1.885691
-151.571640 13.402781 -1.838247
-147.511169 15.219147 -1.809429
-143.059280 17.246292 -1.771516
-138.552628 19.311434 -1.717416
-134.869049 20.967710 -1.689040
-130.309677 23.028254 -1.653440
-125.768288 25.072767 -1.629186
-121.088455 27.166069 -1.593489
-116.587296 29.156391 -1.563707
-112.052605 31.146666 -1.521524
-107.561066 33.122124 -1.491283
-103.033501 35.058231 -1.441078
-98.559204 36.930611 -1.366390
-94.225723 38.659428 -1.261909
-89.694138 40.402706 -1.170365
-85.486099 41.988853 -1.080642
-81.060577 43.545742 -0.998147
-76.849380 44.938278 -0.896055
-72.705246 46.188824 -0.793785
-68.483475 47.355083 -0.704893
-64.279465 48.377945 -0.634210
-60.060932 49.263012 -0.546132
-55.844570 50.013981 -0.457855
-51.536774 50.618668 -0.368985
-47.212090 51.081802 -0.287645
-42.900360 51.382561 -0.213800
-38.527161 51.496582 -0.135735
-34.189960 51.458023 -0.054218
-29.802298 51.290680 0.019383
-25.354519 51.010033 0.083342
-20.961157 50.626289 0.129281
-16.566263 50.171471 0.136761
-12.083048 49.619873 0.118513
-7.742520 49.001839 0.126265
-3.312428 48.230827 0.101655
1.029070 47.353664 0.066708
5.365313 46.336178 0.036178
9.783100 45.111275 -0.016814
13.795026 43.766693 -0.070321
17.829247 42.167976 -0.127305
21.751026 40.441639 -0.185286
25.694641 38.610462 -0.243482
29.489813 36.802624 -0.326672
33.252460 35.013775 -0.390070
37.471016 32.912037 -0.492534
41.205975 31.007383 -0.589895
44.761189 29.115999 -0.690275
48.253593 26.652578 -0.813251
50.683792 23.074913 -0.962160
51.073071 18.639503 -0.889628
50.223217 14.707978 -0.838600
48.796532 10.840941 -0.779694
46.772781 7.398588 -0.703675
43.826378 4.497478 -0.636718
39.924332 2.572682 -0.517761
35.655075 1.633492 -0.387433
31.332611 1.101066 -0.294551
27.115896 0.654898 -0.183412
23.058357 0.245020 -0.103107
18.993820 -0.251230 -0.081256
14.857975 -0.580957 -0.033833
10.964842 0.462962 -0.073883
8.065704 3.596046 -0.050767
6.763597 7.368614 -0.076667
6.383307 11.454690 -0.111244
6.508428 15.657918 -0.099540
6.672039 19.896965 -0.132503
7.003523 24.106583 -0.177891
