0.000000 0.000000 0.000000
4.154480 -0.066529 0.000390
8.314190 -0.173106 -0.012902
12.603500 -0.183700 -0.084886
16.801600 -0.108137 -0.060165
20.960699 0.031060 -0.085476
25.492001 0.094608 -0.127169
29.583000 0.104272 -0.194878
34.078701 0.183728 -0.292361
38.397701 0.671044 -0.378781
42.309200 2.154890 -0.498543
45.797298 4.697760 -0.562561
48.325500 7.946480 -0.591990
50.288601 11.821800 -0.632211
51.867500 15.557900 -0.667529
53.155602 19.396400 -0.692883
52.762901 23.708900 -0.695487
50.751202 27.176800 -0.586780
47.692600 30.089100 -0.522667
44.118801 32.547298 -0.466700
40.503201 34.818501 -0.401651
36.518700 37.160702 -0.351521
32.993500 39.149399 -0.258590
29.227501 41.129398 -0.197772
25.073099 43.133202 -0.141528
21.017599 44.952999 -0.093509
16.615700 46.742500 -0.041720
12.066100 48.445099 -0.006043
8.185420 49.769501 0.019839
3.384090 51.198502 0.066424
-1.401650 52.451599 0.085750
-6.020020 53.510201 0.115937
-10.804800 54.490299 0.119075
-15.427900 55.313301 0.108045
-19.942101 55.982101 0.079955
-24.412701 56.527699 0.042367
-28.680901 56.914902 -0.026749
-32.925800 57.155602 -0.069927
-37.637299 57.236198 -0.174829
-41.881100 57.165501 -0.257988
-46.338299 56.946800 -0.302992
-50.469501 56.576900 -0.416389
-54.572300 56.230301 -0.503581
-58.696999 56.639301 -0.615463
-62.192402 58.589001 -0.752286
-64.481102 62.168499 -0.654590
-66.134300 66.081802 -0.803284
-67.500099 70.283798 -0.917276
-68.295998 74.271202 -1.096230
-68.727203 78.476402 -1.039210
-68.532204 82.558502 -0.786977
-67.701897 86.757896 -0.744158
-65.961403 90.806801 -0.885501
-63.428501 93.986099 -1.010150
-60.443401 97.042900 -1.107690
-57.402500 100.255997 -1.205420
-54.482700 103.553001 -1.323240
-51.507401 107.037003 -1.483550
-48.515900 110.603996 -1.609570
-45.500099 114.309998 -1.749020
-43.020199 117.443001 -1.891130
-40.196098 121.129997 -2.075900
-37.455700 124.820999 -2.233140
-34.792599 128.408005 -2.339650
-32.175800 131.863007 -2.421040
-29.444300 135.492004 -2.496340
-26.644400 139.298996 -2.561600
-23.948700 143.050003 -2.622790
-21.337601 146.820007 -2.668190
-18.966999 150.132996 -2.721830
-16.496000 153.632004 -2.761750
-14.167900 157.393997 -2.804470
-12.506700 161.427994 -2.902570
-12.326200 165.516998 -3.048270
-13.910300 169.494995 -3.251360
-16.764900 172.641998 -3.245820
-20.110201 174.949005 -3.254940
-23.149500 177.748001 -3.428660
-24.132401 181.917007 -3.475740
-22.507799 185.815994 -3.476030
-19.972500 189.153000 -3.520480
-17.474701 192.276001 -3.602980
-14.901600 195.565002 -3.668460
-12.391200 198.929993 -3.741160
-10.071000 202.320999 -3.803200
-8.416440 206.350006 -3.851980
-8.459730 210.503998 -3.886860
-10.389600 214.291000 -3.913360
-13.531900 217.022003 -3.880100
-16.890900 219.225998 -3.980830
-20.420799 221.658997 -4.098850
-23.912300 224.395996 -4.164630
-27.028799 226.990005 -4.220630
-30.270500 229.651993 -4.263380
-33.579399 232.274994 -4.303390
-37.104900 234.912003 -4.344620
-40.697300 237.518005 -4.497410
-44.272400 240.093002 -4.603820
-47.725700 242.572998 -4.689740
-51.248798 245.065002 -4.791730
-54.872700 247.632004 -4.890100
-58.152901 249.927002 -4.975330
-61.783100 252.210999 -5.011990
-65.839203 253.869995 -5.117720
-69.984299 254.281998 -5.243820
-74.081100 253.334000 -5.290960
-77.512100 251.091003 -5.270090
-79.913803 247.677994 -5.200170
-80.226799 243.488007 -5.071640
-78.449898 239.783005 -4.902460
-75.411499 236.792999 -4.742210
-71.957802 234.173004 -4.661550
-68.424103 231.727997 -4.615830
-64.605003 229.134995 -4.549280
-61.257999 226.839996 -4.478970
-57.855202 224.518005 -4.400560
-54.340900 222.085999 -4.316000
-50.968201 219.772995 -4.198920
-47.521999 217.371994 -4.048250
-44.282902 215.022995 -4.020950
-40.604698 212.360001 -3.993910
-37.039398 209.766998 -3.945750
-33.478100 207.242996 -3.886650
-30.204201 204.919998 -3.826840
-26.694799 202.425995 -3.691690
-23.488001 199.830002 -3.678920
-21.081800 196.524994 -3.679460
-20.586100 192.444000 -3.611790
-22.089001 188.772003 -3.530420
-24.416300 185.572006 -3.519030
-27.041500 182.121002 -3.530940
-29.491699 178.733002 -3.529090
-31.909599 175.212006 -3.530250
-34.428200 171.703995 -3.511320
-36.898602 168.294006 -3.452410
-39.220001 164.996994 -3.395040
-41.529999 161.567993 -3.319110
-43.894699 158.223007 -3.245280
-47.015099 155.399994 -3.261900
-50.844398 154.126007 -3.287680
-54.810101 154.505997 -3.290430
-58.856201 156.149994 -3.275500
-62.629101 158.334000 -3.401150
-66.026001 160.559998 -3.463230
-69.508698 162.942993 -3.493230
-73.069504 165.401993 -3.526650
-76.649002 167.919006 -3.547680
-80.287399 170.501007 -3.569190
-83.507103 172.837997 -3.677630
-86.767502 175.222000 -3.801670
-90.423897 177.916000 -3.902200
-93.928703 180.535004 -3.969750
-97.278099 183.059006 -4.023680
-100.787003 185.740005 -4.095110
-103.959999 188.169006 -4.128630
-107.250999 190.546997 -4.157020
-111.250999 192.434006 -4.294380
-115.634003 192.697006 -4.399580
-119.642998 191.024002 -4.491760
-122.263000 187.897995 -4.505720
-123.240997 183.537994 -4.412550
-122.547997 179.477997 -4.291590
-120.453003 175.679993 -4.155600
-117.542999 172.695999 -4.053780
-114.046997 170.175003 -4.061390
-110.180000 167.832001 -4.013910
-106.804001 165.647995 -3.957940
-103.414001 163.367996 -3.898760
-99.891098 160.878006 -3.826190
-96.522301 158.397003 -3.729030
-93.114098 155.817993 -3.598430
-89.603600 153.123001 -3.550530
-86.199402 150.468994 -3.555340
-82.763000 147.791000 -3.512300
-79.390503 145.169006 -3.471640
-76.231102 142.725998 -3.405960
-72.641098 140.240005 -3.333200
-68.689796 138.466995 -3.234370
-64.654602 137.746002 -3.276290
-60.478199 138.112000 -3.301410
-56.513000 139.755005 -3.358380
-53.253799 142.475998 -3.415150
-50.700802 145.643005 -3.409730
-48.229000 149.001999 -3.398620
-45.860100 152.311005 -3.370230
-43.340500 155.834000 -3.351170
-40.746399 159.447006 -3.404750
-38.352798 162.779007 -3.456630
-36.022202 166.033005 -3.516460
-33.657200 169.320007 -3.570400
-31.392700 172.651001 -3.629060
-30.073200 176.455994 -3.644570
-30.443899 180.481995 -3.645620
-32.502102 184.037994 -3.611590
-35.585098 186.906998 -3.451210
-38.923199 189.371002 -3.218680
-42.506901 191.854004 -3.017680
-45.821701 194.175003 -2.870150
-49.125999 196.490005 -2.699440
-52.546299 198.904999 -2.542340
-55.968300 201.332001 -2.372720
-59.328400 203.725998 -2.231000
-62.866100 206.235992 -2.087230
-66.225403 208.617996 -1.949540
-69.629799 211.024002 -1.823850
-72.946198 213.365997 -1.684640
-76.548203 215.865997 -1.552170
-79.919197 218.171005 -1.431890
-83.315300 220.526001 -1.317800
-86.493698 223.158997 -1.317350
-88.843399 226.755005 -1.476780
-89.161499 231.130997 -1.561140
-87.240097 234.783005 -1.599710
-83.507401 237.005005 -1.635770
-79.453300 237.082993 -1.576150
-75.715599 235.682999 -1.446110
-72.041901 233.391006 -1.402480
-68.717796 231.117996 -1.374980
-65.227898 228.722000 -1.299860
-61.627201 226.238998 -1.234260
-58.140301 223.845001 -1.129140
-54.701099 221.505005 -1.021070
-51.285500 219.212006 -0.913239
-47.833099 216.927002 -0.816558
-44.438099 214.677994 -0.773734
-41.061001 212.399994 -0.730286
-37.349701 209.807999 -0.702365
-33.986301 207.274994 -0.644008
-30.838800 204.673996 -0.545538
-27.423901 201.951004 -0.448651
-23.857100 199.798004 -0.409134
-19.805700 198.854996 -0.450833
-15.507800 199.673996 -0.467518
-12.058800 202.078995 -0.506696
-9.911110 205.651993 -0.565490
-9.330170 209.776001 -0.657457
-10.511000 213.949997 -0.730298
-12.954900 217.119995 -0.731431
-16.021900 219.671005 -0.793236
-19.470501 222.112000 -0.872778
-23.022499 224.494995 -0.929456
-26.616400 226.873993 -0.977938
-30.184700 229.218002 -1.025260
-33.790199 231.608994 -1.070370
-37.452702 234.052002 -1.129970
-41.060902 236.501999 -1.224640
-44.759201 239.014008 -1.339710
-48.422600 241.529007 -1.475950
-52.005100 244.003998 -1.555220
-55.532700 246.498001 -1.584390
-58.884701 248.908997 -1.633460
-62.299301 251.410004 -1.684940
-65.718399 253.591995 -1.797810
-69.861298 254.852005 -1.909590
-74.019997 254.362000 -1.928250
-77.582802 252.139008 -1.904500
-80.140701 248.716995 -1.874010
-82.283302 245.261002 -1.810840
-84.646896 241.548996 -1.743020
-87.149498 237.908005 -1.671070
-89.626801 234.552994 -1.588370
-92.394096 231.072998 -1.591570
-95.208199 227.636993 -1.591400
-97.999802 224.156998 -1.577730
-100.664001 220.768005 -1.560760
-103.262001 217.382996 -1.552250
-105.814003 213.910995 -1.527190
-108.178001 210.533997 -1.493730
-110.555000 207.082993 -1.456040
-113.009003 203.649002 -1.417620
-115.480003 200.220001 -1.459460
-117.876999 196.962997 -1.476720
-120.267998 193.714005 -1.488900
-122.603996 190.264008 -1.499020
-124.174004 186.442001 -1.490130
-124.343002 182.354996 -1.450490
-123.000000 178.365997 -1.386580
-120.311996 175.104004 -1.242230
-116.985001 172.608002 -1.159280
-113.364998 170.268997 -1.114020
-109.668999 167.837006 -1.071010
-106.109001 165.401001 -1.040500
-102.500999 162.899002 -0.967546
-98.940804 160.399994 -0.862978
-95.490700 157.988007 -0.747718
-92.009903 155.520004 -0.657838
-88.560699 153.041000 -0.638587
-85.069504 150.544006 -0.634110
-81.450600 147.856995 -0.602482
-78.031898 145.192993 -0.554719
-74.802101 142.615005 -0.489678
-71.617104 140.199997 -0.418602
-67.827202 138.072998 -0.402977
-63.634399 136.876007 -0.413043
-59.562801 137.003998 -0.394216
-55.598099 138.587997 -0.386019
-52.393398 141.440994 -0.389358
-50.630100 145.173996 -0.390843
-50.957001 149.339005 -0.398855
-53.210899 152.677994 -0.402812
-56.603600 155.113998 -0.379597
-60.160702 157.091003 -0.434154
-64.006699 159.320007 -0.531837
-67.474503 161.470993 -0.592926
-70.981400 163.809998 -0.606555
-74.440201 166.197998 -0.632554
-77.972801 168.658005 -0.652517
-81.510803 171.110001 -0.668422
-85.067001 173.576004 -0.764425
-88.619301 176.039001 -0.883881
-92.272598 178.580002 -0.995583
-95.738602 180.994003 -1.060790
-99.177299 183.391006 -1.096090
-102.554001 185.774994 -1.140610
-105.852997 188.166000 -1.164740
-109.038002 190.932999 -1.204740
-111.417000 194.384003 -1.330330
-112.454002 198.337006 -1.412220
-111.989998 202.287003 -1.425050
-109.550003 205.714005 -1.450350
-105.661003 207.391998 -1.445620
-101.549004 207.059998 -1.372540
-97.954201 205.341995 -1.230690
-94.550598 202.830994 -0.996791
-91.463097 200.307999 -0.712673
-88.210701 197.731003 -0.397920
-84.726303 195.076996 -0.098788
-81.219704 192.498001 0.179805
-77.624802 189.929993 0.457679
-73.979599 187.369003 0.777192
-70.710701 185.059006 1.057940
-67.060097 182.507004 1.335830
-63.424599 179.998993 1.593500
-59.710899 177.535995 1.852680
-56.198200 175.279007 2.148180
-52.588902 173.020996 2.419510
-49.119999 170.686996 2.707870
-46.000000 167.882996 2.750480
-43.927898 164.268005 2.757710
-43.476898 160.259995 2.791410
-44.908901 156.278000 2.839000
-48.209999 153.554001 2.764000
-52.164799 152.929001 2.711220
-55.961498 154.110001 2.714020
-59.605801 156.442993 2.728350
-62.816299 158.957001 2.629780
-66.221001 161.709000 2.506780
-69.543404 164.341003 2.464880
-73.050003 167.005997 2.453880
-76.503403 169.572998 2.450180
-80.022697 172.173996 2.405640
-83.467598 174.677994 2.306740
-86.906097 177.123993 2.202480
-90.453003 179.617004 2.119380
-94.166397 182.175995 2.027690
-97.741997 184.598007 1.994810
-101.208000 186.891998 1.923760
-104.654999 189.207001 1.892820
-108.141998 191.414001 1.867660
-112.195000 193.076996 1.691930
-116.634003 193.169998 1.557100
-120.607002 191.597000 1.470610
-123.483002 188.585999 1.444960
-124.796997 184.591995 1.437240
-124.303001 180.285995 1.470490
-122.137001 176.529999 1.581060
-119.022003 173.464996 1.735210
-115.719002 170.998001 1.753960
-112.178001 168.617004 1.781270
-108.500999 166.237000 1.857170
-105.132004 164.050995 1.912690
-101.503998 161.570007 2.033210
-98.048798 159.070007 2.124730
-94.570396 156.425003 2.203050
-91.194397 153.841995 2.285060
-87.836700 151.242004 2.343450
-84.442902 148.626007 2.369390
-81.167297 146.113007 2.394490
-77.993301 143.656998 2.437990
-74.667099 141.087006 2.515550
-71.337402 138.703003 2.600360
-67.670303 136.792999 2.595070
-63.304298 136.044998 2.588310
-59.364498 136.927002 2.622520
-55.766399 139.289001 2.656550
-52.948502 142.348007 2.657590
-50.533001 145.727997 2.682100
-48.115601 149.229004 2.724060
-45.695499 152.585007 2.767380
-43.220798 155.949005 2.850520
-40.688202 159.324997 2.794570
-38.132000 162.748993 2.777810
-35.608601 166.136002 2.767720
-33.076900 169.537994 2.769470
-30.584200 172.925003 2.764500
-28.093500 176.408997 2.758490
-25.675501 179.876007 2.771010
-23.285500 183.367996 2.777740
-20.941700 186.804001 2.810780
-18.634100 190.160995 2.738980
-16.211000 193.578003 2.697270
-13.797700 196.815994 2.672120
-11.278000 200.313995 2.653820
-9.392550 204.167007 2.605930
-8.742730 208.529999 2.545920
-9.434410 212.485001 2.517740
-11.386900 216.059006 2.515150
-14.429600 218.929001 2.541450
-18.052999 221.324005 2.502700
-21.758400 223.623993 2.422980
-25.449499 226.026993 2.389620
-29.074499 228.511002 2.369870
-32.645000 230.988998 2.353020
-36.057098 233.371994 2.314930
-39.331699 235.688995 2.227510
-42.863098 238.212006 2.150180
-46.441601 240.796997 2.058720
-49.938301 243.350998 1.994830
-53.432098 246.022995 1.938930
-56.603401 248.501007 1.890340
-59.942101 251.171997 1.862700
-63.434601 253.550003 1.834100
-67.334999 254.966995 1.706120
-71.577103 255.013000 1.640530
-75.476402 253.641006 1.625630
-78.642899 250.541000 1.652430
-79.795898 246.382004 1.692220
-79.022102 242.283005 1.765600
-76.741798 238.537994 1.896620
-73.872101 235.550003 2.028750
-70.426498 232.757996 2.049040
-67.108101 230.223007 2.049320
-63.692200 227.656006 2.067400
-60.181198 225.046997 2.123700
-56.595699 222.447998 2.250380
-53.097401 219.938995 2.323120
-49.675598 217.507004 2.384220
-46.208401 215.087006 2.423840
-42.727901 212.697998 2.475830
-39.185001 210.272003 2.491160
-35.801102 208.001999 2.494710
-32.395401 205.785004 2.535570
-28.883499 203.417999 2.613240
-25.707001 200.934006 2.702200
-22.863199 197.826996 2.659160
-21.162701 194.024002 2.671310
-21.149900 189.735001 2.723420
-23.202700 186.098999 2.752790
-26.882099 183.998993 2.729590
-31.187901 183.914993 2.720090
-34.868698 185.552002 2.727010
-38.282200 187.990997 2.868360
-41.667702 190.679001 3.078940
-45.025002 193.259995 3.264550
-48.443298 195.897995 3.457720
-51.801701 198.442993 3.634600
-55.055401 200.908997 3.807570
-58.603699 203.561996 3.994400
-62.269901 206.264008 4.199760
-65.583504 208.677002 4.328660
-68.957397 211.108994 4.490370
-72.275803 213.479996 4.689960
-75.990898 216.070007 4.899420
-79.435997 218.548004 5.076170
-82.739700 221.195999 5.240300
-85.504303 224.220001 5.258970
-87.432297 227.751999 5.187530
-88.010498 231.985001 5.128550
-86.587303 235.735001 5.104350
-83.387901 238.289993 5.055210
-79.224800 238.733994 5.071520
-75.448799 237.199005 5.167170
-71.960899 234.569000 5.198190
-68.783997 231.746002 5.200180
-65.500099 228.731003 5.242090
-62.190498 225.656006 5.273410
-58.816700 222.638000 5.338310
-55.431198 219.744003 5.402990
-52.073898 217.022995 5.492310
-48.536400 214.315002 5.563390
-45.199001 211.871002 5.571210
-41.952400 209.485992 5.565790
-38.515499 206.878998 5.565190
-35.133801 204.237000 5.616060
-31.791201 201.617996 5.666350
-28.499001 199.067001 5.718220
-25.111200 196.595001 5.690210
-21.592400 194.526001 5.671990
-17.439600 193.673996 5.664930
-13.419200 194.746002 5.626010
-10.377300 197.606003 5.618280
-8.673940 201.695007 5.578690
-8.198060 206.076004 5.496590
-8.852070 210.117996 5.437040
-10.596800 213.770004 5.424300
-13.274900 216.830002 5.450440
-16.494499 219.492996 5.374710
-20.018101 222.014008 5.309180
-23.367800 224.276001 5.306370
-27.191601 226.750000 5.309260
-30.746901 229.026001 5.289980
-34.291401 231.276001 5.279280
-38.084000 233.695007 5.272530
-41.755501 236.054993 5.216480
-45.380699 238.408005 5.111350
-48.778301 240.653000 5.033100
-52.565399 243.175003 4.976390
-56.155300 245.606995 4.983030
-59.676399 248.003006 4.979790
-63.211700 250.276001 4.997590
-66.873901 252.128006 4.906710
-70.918999 253.188004 4.834150
-75.082001 253.098007 4.817420
-79.118599 251.565002 4.819440
-82.500504 248.811005 4.821750
-85.255501 245.285995 4.871380
-87.641098 241.511002 4.953450
-89.962402 237.768997 5.057010
-92.441002 233.931000 5.052920
-94.695000 230.604996 5.045350
-97.086601 227.207001 5.063060
-99.490196 223.899994 5.068540
-101.960999 220.630005 5.109060
-104.564003 217.242996 5.095540
-107.140999 213.910995 5.113040
-109.664001 210.669998 5.151030
-112.396004 207.091003 5.190230
-114.988998 203.697006 5.162350
-117.532997 200.270996 5.110830
-119.994003 196.750000 5.072500
-122.251999 193.264999 5.051740
-124.152000 189.548004 5.054090
-125.135002 185.464005 5.044830
-124.941002 181.326004 5.063580
-123.277000 177.343002 5.134400
-120.344002 174.095001 5.242760
-116.612999 171.352005 5.259950
-113.194000 169.095993 5.273170
-109.681999 166.862000 5.305710
-106.064003 164.561996 5.309440
-102.453003 162.244003 5.387510
-98.919502 159.960007 5.442710
-95.348701 157.634995 5.520180
-91.836502 155.292007 5.609240
-88.315300 152.904999 5.598510
-84.809196 150.488007 5.584200
-81.306801 148.009995 5.580970
-78.026299 145.619995 5.606910
-74.487801 142.951996 5.684680
-71.120499 140.626007 5.737760
-67.380501 138.778000 5.736110
-63.036301 137.863998 5.720350
-58.877899 138.552002 5.765000
-55.356800 141.132004 5.783500
-53.757599 144.897003 5.825230
-54.108898 148.960999 5.830960
-56.301701 152.490005 5.866420
-59.752800 155.242004 5.916420
-63.385201 157.488998 5.825460
-66.815804 159.598007 5.721960
-70.261398 161.796997 5.692590
-73.760300 164.121002 5.707440
-77.309998 166.585007 5.697270
-80.799103 169.113998 5.661610
-84.313599 171.690994 5.599420
-87.924500 174.330994 5.534650
-91.447304 176.856003 5.464250
-94.993401 179.335007 5.359600
-98.374496 181.643997 5.309160
-101.998001 184.065002 5.304990
-105.349998 186.457993 5.321200
-108.375000 189.039001 5.334790
-111.007004 192.408005 5.213270
-112.500999 196.466995 5.127750
-112.641998 200.468002 5.118160
-111.538002 204.382004 5.141090
-109.334999 208.033005 5.106240
-106.607002 211.494003 5.080810
-104.049004 214.625000 5.060550
-101.504997 217.742996 5.048160
-98.755302 221.220993 5.032000
-96.267097 224.365005 5.019870
-93.611702 227.817993 5.005690
-90.986397 231.304001 5.003650
-88.419403 234.470001 5.012670
-85.229698 237.018005 4.979200
-81.481903 238.373993 4.945400
-77.389198 238.335999 4.983610
-73.531197 236.934998 5.087320
-69.757202 234.468002 5.095930
-66.567398 231.856995 5.077060
-63.522900 229.309998 5.123740
-60.168598 226.526993 5.148670
-56.725498 223.712006 5.227360
-53.441299 221.054993 5.295500
-50.091301 218.412994 5.390390
-46.788601 215.848999 5.467130
-43.473999 213.304001 5.479630
-40.259201 210.820007 5.477000
-36.736900 208.070007 5.490120
-33.364498 205.449997 5.525910
-30.166500 202.951004 5.595340
-26.927500 200.089005 5.670450
-24.260900 196.785004 5.663310
-22.700199 192.807007 5.685030
-22.558201 188.503998 5.758450
-23.865000 184.313995 5.792530
-25.922400 180.828995 5.795550
-28.341700 177.380997 5.808160
-30.958799 173.886993 5.826140
-33.661301 170.378998 5.861790
-36.394100 166.904007 5.878440
-39.170502 163.389999 5.911200
-41.813099 160.018997 5.948550
-44.393002 156.727005 6.011120
-47.033298 153.300995 5.976430
-49.618900 149.929001 5.941210
-52.221500 146.589996 5.914830
-54.971699 143.485992 5.902560
-58.254799 140.921997 5.881620
-62.158798 139.393997 5.858750
-66.300003 139.166000 5.870540
-70.556702 140.410004 5.916910
-74.038300 142.487000 5.846420
-77.455299 145.056000 5.774630
-81.039200 147.852997 5.742420
-84.589203 150.617996 5.755980
-87.751701 153.074997 5.745150
-90.932701 155.544998 5.738980
-94.418602 158.205994 5.688620
-97.640198 160.641998 5.633540
-101.163002 163.270996 5.544880
-104.644997 165.826996 5.433950
-108.029999 168.268997 5.397930
-111.328003 170.613998 5.408400
-114.889000 173.065994 5.392940
-118.055000 175.526001 5.376570
-120.649002 178.779999 5.280000
-122.025002 182.921997 5.192000
-121.766998 187.259995 5.167930
-120.218002 191.029999 5.166970
-117.717003 194.656998 5.177420
-115.228996 197.824997 5.203070
-112.788002 201.067001 5.243870
-110.444000 204.391998 5.281200
-108.146004 207.610001 5.239960
-105.753998 210.871994 5.208690
-103.260002 214.192001 5.175650
-100.808998 217.440994 5.155260
-98.292099 220.792999 5.138850
-95.768700 224.147995 5.110710
-93.257301 227.511002 5.092680
-90.795601 230.845993 5.079620
-88.440201 234.067001 5.073540
-86.049004 237.358002 5.025100
-83.713402 240.593002 4.950880
-81.063797 244.186996 4.870490
-78.377296 247.563004 4.808220
-75.457603 250.582001 4.773960
-71.733498 252.705002 4.745800
-67.583298 253.059998 4.756820
-63.511501 251.572998 4.842130
-59.939499 249.337006 4.877380
-56.636398 247.087006 4.880370
-53.112598 244.621994 4.928950
-49.521400 242.089996 4.927580
-46.054901 239.615005 4.988700
-42.518398 237.056000 5.064890
-38.828201 234.354996 5.179770
-35.247398 231.731003 5.248570
-31.885799 229.270004 5.259140
-28.543900 226.813995 5.255390
-25.260201 224.401001 5.265710
-22.004601 222.028000 5.275210
-18.624100 219.593002 5.307560
-15.070100 217.016998 5.381240
-11.841000 214.160995 5.399100
-9.414040 210.643005 5.392560
-8.645470 206.634003 5.429150
-9.627270 202.658997 5.506550
-11.883000 199.199997 5.567970
-15.264300 196.707001 5.608050
-19.488501 195.794998 5.630320
-23.643101 196.477005 5.694280
-27.303101 198.091995 5.773930
-30.816000 200.473999 5.710900
-34.340199 203.298996 5.629580
-37.430302 205.845993 5.614370
-40.523399 208.417007 5.634980
-43.997002 211.279999 5.611110
-47.500198 214.100006 5.575900
-50.973000 216.867996 5.529110
-54.471500 219.621002 5.468800
-57.962399 222.309998 5.412880
-61.482700 224.975998 5.325130
-64.868500 227.479004 5.297330
-68.566101 230.052994 5.262520
-72.162598 232.253998 5.281100
-75.922501 233.981003 5.279900
-79.830101 235.037994 5.207270
-84.281700 235.244995 5.188040
-88.538002 234.154999 5.192860
-92.184303 232.095001 5.144490
-95.492599 229.263000 5.124070
-98.521400 226.080994 5.125820
-101.162003 223.007004 5.150510
-103.983002 219.423004 5.170480
-106.547997 215.889008 5.185580
-109.028999 212.279007 5.211370
-111.308998 208.807007 5.243140
-113.550003 205.199997 5.296220
-115.672997 201.518005 5.233090
-117.625000 197.792007 5.203910
-119.411003 193.987000 5.188750
-120.925003 190.072006 5.188340
-121.727997 186.020996 5.202420
-121.278000 181.891998 5.218450
-119.569000 178.067993 5.304590
-116.782997 174.720993 5.393860
-113.710999 172.061996 5.404230
-110.262001 169.602005 5.408230
-106.711998 167.250000 5.402410
-103.114998 164.923996 5.435540
-99.553802 162.656998 5.532930
-96.059196 160.470993 5.605710
-92.280403 158.175003 5.684310
-88.414001 155.886002 5.718950
-85.020500 153.873001 5.743280
-81.542900 151.764008 5.737990
-78.076302 149.591003 5.704940
-74.726402 147.427002 5.725410
-71.377197 145.240005 5.819460
-67.784203 142.966995 5.912310
-64.010696 141.074997 5.838160
-59.830700 140.143997 5.822470
-55.698002 140.598007 5.837200
-52.014999 142.369003 5.874060
-48.958500 145.242996 5.894900
-46.652599 148.858994 5.925120
-45.128201 152.610001 5.966860
-43.655102 156.468994 6.012180
-41.982899 160.164001 5.960370
-39.720001 163.768997 5.935950
-37.153198 167.093002 5.907710
-34.410500 170.229996 5.896660
-31.548500 173.354004 5.880550
-28.660000 176.429993 5.864330
-25.957600 179.330994 5.861410
-23.399900 182.585007 5.854600
-21.726000 186.567993 5.878900
-21.740999 190.695007 5.794610
-23.406700 194.671997 5.759820
-26.321301 198.125000 5.790670
-29.567200 201.054993 5.716090
-32.666599 203.697998 5.631890
-35.976501 206.412994 5.604230
-39.337799 209.104004 5.600870
-42.705799 211.738007 5.568230
-46.078400 214.350006 5.531070
-49.405499 216.888000 5.523980
-52.626999 219.382004 5.453800
-56.060299 222.048004 5.345900
-59.408600 224.720993 5.243770
-62.713799 227.449005 5.173670
-65.993698 230.205994 5.159290
-69.125198 232.876007 5.136240
-72.198402 235.485992 5.130420
-75.593300 237.776993 5.051840
-79.722603 238.966003 4.949680
-83.845398 238.526993 4.933950
-87.512100 236.436005 4.976540
-89.934700 232.891998 4.988530
-90.393700 228.641998 5.020400
-88.817802 224.660004 5.096720
-85.910698 221.485992 5.249280
-82.639099 218.757004 5.179160
-79.318398 216.179001 5.029660
-75.889900 213.563004 4.871790
-72.436401 210.957993 4.683180
-68.955597 208.324997 4.511300
-65.522797 205.707001 4.339150
-62.071800 203.080994 4.175140
-58.611500 200.477997 4.001610
-55.261700 197.955002 3.798200
-51.957401 195.514999 3.585180
-48.459999 192.970993 3.391110
-45.089001 190.565994 3.185130
-41.698200 188.199005 3.010630
-38.135700 185.671005 2.765330
-35.008999 183.042999 2.616510
-32.658600 179.623993 2.587620
-31.872999 175.470993 2.572180
-33.166500 171.464996 2.602300
-36.214298 168.796005 2.614940
-40.426300 168.054993 2.632070
-44.206902 169.291000 2.670450
-47.609699 171.570007 2.726210
-50.840099 174.011002 2.455450
-54.329201 176.651993 2.209960
-57.810799 179.223007 1.945920
-61.280701 181.755005 1.712860
-64.740501 184.281006 1.475700
-68.183296 186.792999 1.223670
-71.593498 189.278000 0.958195
-75.102600 191.826004 0.701837
-78.569199 194.311005 0.425655
-82.008102 196.757996 0.172834
-85.459900 199.199997 -0.134119
-88.861603 201.567001 -0.406285
-92.252098 203.951996 -0.671264
-95.438301 206.473007 -0.953147
-98.085403 209.664993 -1.118090
-99.394096 213.776001 -1.242050
-98.677002 217.852997 -1.290840
-96.009598 220.981003 -1.307340
-92.034599 222.203995 -1.288110
-88.050697 221.425995 -1.184060
-84.285797 219.218002 -1.127690
-80.793098 216.526993 -1.299290
-77.535004 213.966995 -1.458570
-74.052299 211.326996 -1.613950
-70.830597 208.951996 -1.762430
-67.529404 206.539001 -1.952050
-64.100899 204.082993 -2.137080
-60.630501 201.610001 -2.308250
-57.026798 199.052002 -2.492760
-53.597198 196.613998 -2.707040
-50.272499 194.223999 -2.892140
-46.829601 191.727997 -3.098430
-43.557800 189.319000 -3.287100
-40.318901 186.923996 -3.509220
-37.037998 184.468002 -3.786230
-33.779999 182.041000 -4.020410
-30.372000 179.542007 -4.164270
-27.018101 177.147995 -4.191410
-23.633801 174.781006 -4.179400
-20.309700 172.507004 -4.029440
-16.885500 169.981003 -4.132600
-14.974500 166.388000 -4.171450
-15.882500 162.242004 -4.090440
-18.284100 158.869995 -4.026740
-21.085800 155.582001 -3.985500
-23.763599 152.375000 -3.940620
-26.615101 148.781006 -3.904750
-29.377800 145.056000 -3.847240
-31.718399 141.772995 -3.796490
-34.148800 138.162994 -3.732480
-36.355701 134.770004 -3.681490
-38.582401 131.350006 -3.596470
-41.021702 127.561996 -3.441410
-43.480099 123.935997 -3.276530
-45.806000 120.586998 -3.067540
-48.085602 117.197998 -2.888100
-50.612202 113.709999 -2.715330
-53.540901 110.885002 -2.584420
-57.570000 109.695999 -2.510290
-61.611698 111.218002 -2.370140
-64.901100 113.790001 -2.294420
-68.087799 116.466003 -2.241730
-71.467796 119.157997 -2.186870
-74.690697 121.636002 -2.136970
-78.107803 124.217003 -2.126880
-81.543999 126.777000 -2.118420
-85.014503 129.341995 -2.100580
-88.613701 131.988007 -2.116240
-92.247803 134.669006 -2.121510
-96.004997 137.417007 -2.127110
-99.233299 139.794006 -2.143750
-102.527000 142.214996 -2.149840
-105.767998 144.615997 -2.183590
-109.102997 147.100006 -2.215890
-112.339996 149.524994 -2.264000
-115.719002 152.050003 -2.299890
-118.996002 154.473999 -2.348090
-122.281998 156.931000 -2.399770
-125.856003 159.628998 -2.461480
-129.287003 162.257004 -2.546200
-132.535004 164.811005 -2.630970
-136.009003 167.501007 -2.724420
-139.617996 169.576004 -2.800010
-143.781998 170.442001 -2.836450
-147.822006 169.479996 -2.836690
-151.184006 166.725006 -2.808520
-153.617004 163.192001 -2.752270
-155.869003 159.475006 -2.688790
-157.949005 156.026993 -2.605960
-160.365997 152.705994 -2.524410
-163.274994 149.768005 -2.471490
-166.959000 147.964996 -2.432670
-171.014999 147.973007 -2.476370
-174.712997 149.688995 -2.475450
-177.860992 152.386002 -2.547320
-179.451996 156.151001 -2.710090
-178.246002 160.427994 -2.745010
-175.679001 163.962997 -2.816460
-172.826004 167.487000 -2.903070
-170.104004 170.871002 -2.965600
-167.263000 174.477005 -3.041820
-164.686996 177.738007 -3.108360
-161.662994 181.557999 -3.192880
-159.067001 184.826004 -3.279750
-156.397995 188.179001 -3.361250
-153.716995 191.537003 -3.447500
-151.011002 194.901001 -3.524430
-148.365005 198.194000 -3.619440
-145.610992 201.630005 -3.717940
-143.141006 204.953003 -3.807060
-140.800995 208.259003 -3.888550
-138.292007 211.944000 -3.994270
-135.899994 215.460999 -4.080110
-133.460007 218.917007 -4.169650
-130.912994 222.179993 -4.269080
-127.732002 224.945007 -4.407340
-123.679001 225.505005 -4.424660
-120.152000 223.574997 -4.301790
-116.755997 220.824997 -4.215560
-113.490997 218.231995 -4.138770
-110.297997 215.755997 -4.055570
-107.136002 213.300995 -4.046270
-103.943001 210.830994 -4.053450
-100.724998 208.376007 -4.058460
-97.337303 205.796005 -3.851700
-93.944801 203.207001 -3.634970
-90.475899 200.570999 -3.432020
-87.060699 197.992004 -3.238370
-83.595100 195.399994 -3.060130
-80.130798 192.800003 -2.878710
-76.563599 190.169006 -2.689440
-73.021698 187.569000 -2.513900
-69.450104 184.966003 -2.359040
-65.948799 182.397995 -2.198130
-62.490799 179.845993 -2.048440
-59.129700 177.356995 -1.900240
-55.890800 174.955994 -1.763410
-52.447201 172.384995 -1.638560
-49.057701 169.835999 -1.478330
-45.840401 167.259003 -1.526190
-42.334400 165.216003 -1.660400
-38.090302 165.451004 -1.786410
-34.529202 167.492996 -1.875690
-31.684500 170.787003 -1.895710
-30.292500 174.576004 -1.926440
-30.449301 178.921005 -1.909680
-32.515400 182.751007 -1.807620
-35.446701 185.748001 -1.681260
-38.953999 188.544998 -1.398090
-42.146702 191.013000 -1.145610
-45.478500 193.535995 -0.838171
-48.902699 196.100006 -0.521904
-52.397099 198.707993 -0.226317
-55.788898 201.222000 0.039973
-59.327702 203.841995 0.304800
-62.524601 206.195007 0.574878
-65.963699 208.727997 0.852170
-69.540001 211.335999 1.099990
-73.036400 213.880005 1.349340
-76.514603 216.554993 1.620290
-79.840599 219.160004 1.901780
-83.156303 221.764999 2.181890
-86.711197 224.216995 2.145740
-90.651802 225.570999 2.121530
-95.066101 225.261993 2.197350
-98.651802 223.082001 2.245770
-101.099998 219.651001 2.306290
-102.015999 215.526001 2.351470
-101.177002 211.358002 2.378850
-98.931396 207.789001 2.420600
-95.924698 204.854004 2.464860
-92.650597 202.337006 2.663450
-89.278198 199.985992 2.845220
-85.958603 197.554993 3.036050
-82.308998 194.895004 3.252330
-78.885201 192.389008 3.455690
-75.283096 189.723999 3.601350
-72.081802 187.296997 3.771140
-68.868103 184.832993 3.969050
-65.644699 182.373001 4.143580
-62.465302 179.960999 4.290950
-59.002701 177.367004 4.449230
-55.485001 174.779007 4.633690
-52.142399 172.345993 4.828440
-48.937302 169.847000 5.016710
-46.331902 166.641006 5.006450
-45.195599 162.505005 4.976040
-45.780701 158.509995 5.008600
-47.966202 154.848007 5.007860
-51.291100 152.582001 5.017830
-55.351700 152.210999 5.086240
-59.325500 153.682007 5.221220
-62.916801 155.869003 5.214000
-66.588699 158.386993 5.197870
-69.876801 160.703003 5.244010
-73.248497 163.108994 5.332090
-76.654099 165.563004 5.394040
-80.107399 168.070007 5.442040
-83.484497 170.507996 5.505950
-86.768898 172.880005 5.523160
-90.362900 175.488998 5.498210
-93.869698 178.056000 5.468360
-97.245499 180.561996 5.492890
-100.584000 183.059998 5.598940
-104.008003 185.733002 5.662090
-107.169998 188.529999 5.747760
-109.848000 191.662994 5.721590
-111.628998 195.274994 5.686040
-111.988998 199.623001 5.669880
-110.791000 203.488998 5.667480
-108.620003 207.259003 5.601490
-106.056000 210.867004 5.521830
-103.625000 214.074005 5.443790
-101.075996 217.287003 5.379450
-98.567101 220.367004 5.331010
-95.758102 223.679001 5.244100
-92.896202 227.035004 5.178540
-90.066704 230.378998 5.113120
-87.263702 233.408997 5.063600
-83.843697 235.783997 4.981110
-79.826103 236.942993 4.872550
-75.422203 236.393005 4.821200
-71.757698 234.625000 4.836520
-68.189003 232.057999 4.734160
-65.071404 229.537994 4.657970
-61.811001 226.886002 4.592260
-58.578899 224.259003 4.576520
-55.362202 221.686005 4.598440
-52.198799 219.190994 4.584080
-49.040901 216.703995 4.568850
-45.875301 214.244995 4.555250
-42.644699 211.766998 4.498310
-39.377701 209.302994 4.413310
-36.081402 206.828003 4.340330
-32.847500 204.412994 4.299720
-29.456100 201.653000 4.287460
-26.527500 198.643005 4.289600
-24.135900 195.108994 4.226670
-22.777399 191.274002 4.211640
-22.499800 187.188004 4.259300
-23.245199 183.128998 4.294640
-24.804100 179.199005 4.312270
-26.840799 175.556000 4.362000
-29.591499 172.272995 4.428610
-33.010399 169.968002 4.519980
-36.937099 168.876999 4.620100
-41.030399 169.106995 4.746750
-44.884602 170.341995 4.885430
-48.740700 172.438995 4.863110
-52.239101 174.804993 4.661700
-55.502899 177.108994 4.508500
-59.109200 179.692993 4.325030
-62.449799 182.082993 4.152710
-65.737999 184.440994 4.006160
-69.019501 186.806000 3.859450
-72.487999 189.315994 3.641420
-75.755203 191.738007 3.443210
-79.195503 194.307999 3.260940
-82.420502 196.729004 3.075940
-85.697304 199.186996 2.868810
-89.091698 201.768997 2.635960
-92.557098 204.376999 2.412210
-95.859299 207.190994 2.222460
-98.334297 210.692993 2.130400
-99.211601 214.865005 2.071070
-98.350197 218.917999 2.027480
-96.255600 222.664001 1.965110
-93.809097 225.955002 1.915490
-91.308899 229.203995 1.877740
-88.690697 232.639999 1.840250
-86.056801 235.649002 1.804830
-82.495598 237.779007 1.699230
-78.422997 238.069000 1.645390
-74.557297 236.830002 1.650540
-71.085800 234.815002 1.650380
-67.627998 232.287003 1.583690
-64.421097 229.854004 1.515050
-61.066601 227.328995 1.438160
-57.747002 224.811996 1.414130
-54.415600 222.272995 1.458410
-51.053200 219.682999 1.457550
-47.761101 217.132004 1.443510
-44.522900 214.621994 1.410680
-41.140202 211.998001 1.386210
-37.993999 209.539993 1.323680
-34.528702 206.860992 1.244540
-31.302601 204.352005 1.211820
-27.903099 201.673004 1.208360
-24.687401 198.735992 1.218240
-22.431200 195.343994 1.124620
-21.396999 191.391006 1.117480
-21.731001 187.376007 1.176620
-23.446699 183.593994 1.230580
-25.871201 180.145996 1.268920
-28.258200 176.921005 1.316790
-30.673000 173.626999 1.365230
-33.044800 170.337006 1.438610
-35.437801 166.983994 1.488700
-37.977798 163.382996 1.558810
-40.420700 159.886993 1.626480
-43.104801 156.496994 1.723770
-46.427502 153.792007 1.777330
-50.514500 152.511002 1.802670
-54.505699 152.804993 1.883190
-58.425400 154.373001 2.012350
-61.954899 156.509995 2.006280
-65.620003 159.057999 1.979270
-68.798302 161.459000 1.987760
-72.045998 163.955002 2.076410
-75.198700 166.404999 2.142390
-78.705002 169.132996 2.192490
-81.980797 171.654999 2.232850
-85.216301 174.164993 2.252490
-88.768898 176.891006 2.216260
-92.002602 179.365005 2.193660
-95.454201 181.990997 2.205010
-98.868698 184.550003 2.275730
-102.220001 187.033005 2.320110
-105.621002 189.692993 2.384930
-108.709000 192.757996 2.363440
-110.723999 196.485001 2.307750
-111.115997 200.740005 2.279740
-109.774002 204.938995 2.279590
-107.517998 208.557007 2.173740
-104.761002 212.003998 2.087690
-102.207001 215.100006 2.014520
-99.690903 218.222000 1.962680
-97.140999 221.404007 1.919150
-94.384598 224.807007 1.851800
-91.667801 228.134995 1.801270
-88.973801 231.436005 1.763340
-86.321800 234.744995 1.743500
-83.692802 238.145004 1.622470
-81.113800 241.606995 1.509870
-78.628403 245.091995 1.410350
-75.988701 248.516998 1.326140
-72.642700 251.276001 1.235740
-68.624603 252.537994 1.169320
-64.333702 252.001007 1.178560
-60.632000 250.238998 1.221230
-56.928699 247.832993 1.156130
-53.588100 245.501999 1.096430
-50.192101 243.039001 1.068510
-46.787601 240.511993 1.070680
-43.399200 237.998001 1.081800
-40.034901 235.477005 1.097220
-36.792999 233.037994 1.083340
-33.146801 230.307007 1.076740
-29.585501 227.643997 1.057250
-26.081400 225.039993 1.000440
-22.632200 222.500000 0.935494
-19.306000 220.072998 0.897900
-15.849700 217.479996 0.892895
-12.797600 214.529999 0.897794
-10.748200 210.876999 0.812365
-10.111500 206.505997 0.809889
-10.989500 202.565994 0.868674
-12.907800 198.955994 0.935700
-15.289700 195.533997 1.008290
-17.821100 192.156006 1.091340
-20.351299 188.895004 1.185110
-22.889200 185.660995 1.302970
-25.424299 182.393005 1.319100
-27.978600 179.063995 1.355270
-30.554800 175.699997 1.402440
-33.106400 172.309006 1.450370
-35.722500 168.856995 1.498250
-38.277901 165.488998 1.550650
-40.803600 162.130005 1.602080
-43.262501 158.817001 1.670060
-45.649899 155.606003 1.756680
-48.103600 152.274002 1.723290
-50.513901 148.927994 1.721630
-52.920700 145.539993 1.729320
-55.314602 142.194000 1.745700
-58.052200 138.878006 1.784280
-61.516399 136.431000 1.811050
-65.556602 135.619003 1.864570
-69.775902 136.533997 1.947290
-73.398399 138.643005 2.025270
-76.691101 141.339996 2.036050
-79.949097 144.195007 2.040690
-83.231499 147.044006 2.079110
-86.292099 149.634995 2.122000
-89.681900 152.429993 2.186590
-93.185600 155.205002 2.228340
-96.776199 157.990005 2.219330
-100.273003 160.671997 2.198610
-103.843002 163.391998 2.170690
-107.136002 165.865005 2.170870
-110.494003 168.354004 2.209360
-113.662003 170.837006 2.216570
-116.973999 173.755997 2.250390
-119.575996 176.865997 2.274900
-121.315002 180.781006 2.191510
-121.535004 185.210007 2.134560
-120.299004 189.380997 2.128900
-118.274002 192.811005 2.093920
-115.964996 196.112000 2.090650
-113.613998 199.477005 2.093290
-111.299004 202.796997 2.095470
-108.996002 206.095001 2.079510
-106.515999 209.705994 2.002140
-104.033997 213.302994 1.933800
-101.517998 216.662003 1.881810
-98.689003 219.613007 1.848070
-94.972397 221.828003 1.788760
-90.910301 222.431000 1.786320
-86.953796 221.442993 1.844920
-83.171204 219.141998 1.807850
-79.933998 216.716995 1.594550
-76.626297 214.154007 1.365650
-73.092796 211.429993 1.101540
-69.892799 209.013000 0.889421
-66.480301 206.470993 0.704488
-62.966400 203.837006 0.459944
-59.505501 201.244003 0.211328
-56.304798 198.804001 -0.029824
-52.758202 196.149002 -0.284989
-49.404400 193.653000 -0.526440
-46.142502 191.246002 -0.783344
-42.765800 188.804001 -1.065500
-39.495300 186.389008 -1.298070
-36.350498 183.716003 -1.548840
-33.945301 180.263000 -1.643590
-32.957802 176.382004 -1.713930
-33.429199 172.315994 -1.707750
-35.104500 168.330002 -1.729050
-37.248100 164.828003 -1.701810
-39.630299 161.171005 -1.661770
-42.007599 157.949997 -1.619880
-44.981098 155.078003 -1.556720
-48.483002 153.218002 -1.564850
-52.701698 152.569000 -1.543580
-56.730999 153.350998 -1.477600
-60.531200 155.158005 -1.431920
-63.948200 157.382996 -1.459490
-67.303902 159.813004 -1.471000
-70.770103 162.440002 -1.428540
-74.203903 165.085999 -1.365830
-77.686096 167.768005 -1.303600
-81.170097 170.399002 -1.251030
-84.370697 172.817001 -1.283550
-87.892303 175.436005 -1.326940
-91.432098 178.039001 -1.343750
-94.910599 180.563995 -1.350870
-98.473900 183.171005 -1.330500
-101.838997 185.720001 -1.308180
-105.105003 188.339005 -1.250840
-108.194000 191.231003 -1.189990
-110.450996 194.615005 -1.257970
-111.392998 198.832001 -1.298030
-110.653999 202.863998 -1.278510
-108.646004 206.552994 -1.309790
-106.247002 209.802994 -1.343430
-103.681000 213.067993 -1.385210
-101.056999 216.421005 -1.419600
-98.535103 219.669006 -1.448770
-96.085403 222.856995 -1.468670
-93.679298 226.024994 -1.484930
-91.237297 229.292007 -1.496460
-88.780899 232.473007 -1.510990
-85.936996 235.313995 -1.531680
-82.149300 237.309998 -1.594730
-78.178703 237.750000 -1.616320
-74.253799 236.707993 -1.587180
-70.569702 234.572998 -1.607850
-67.250198 232.141998 -1.645210
-63.857700 229.537994 -1.681980
-60.386501 226.854004 -1.733500
-56.993198 224.203995 -1.719380
-53.677700 221.608002 -1.678540
-50.450600 219.093002 -1.635940
-47.099800 216.505997 -1.627790
-43.728500 213.936996 -1.669330
-40.268299 211.328003 -1.711520
-36.723900 208.686005 -1.766830
-33.204498 206.104004 -1.813580
-29.867901 203.653000 -1.808410
-26.464100 200.904007 -1.806110
-23.758600 197.794998 -1.814910
-22.177200 194.123993 -1.869960
-21.891399 189.781006 -1.846640
-23.023199 185.886993 -1.776140
-25.143600 182.080994 -1.784220
-27.432199 178.656006 -1.765900
-29.705500 175.391998 -1.741690
-32.035301 172.089005 -1.706850
-34.398602 168.772003 -1.697330
-36.720501 165.514008 -1.663150
-39.058201 162.279999 -1.622050
-41.587002 158.811005 -1.567220
-44.104301 155.345001 -1.498160
-46.461899 152.134003 -1.512000
-49.063599 148.598007 -1.534380
-51.725101 145.076004 -1.543770
-54.563301 141.802002 -1.535630
-57.866501 139.175003 -1.508920
-61.877499 137.671997 -1.484980
-66.112602 137.630997 -1.416020
-70.240097 139.057999 -1.293020
-73.653702 141.220993 -1.313320
-77.059898 143.811005 -1.329090
-80.546097 146.559998 -1.309210
-83.885101 149.279007 -1.230470
-87.128403 151.975998 -1.174540
-90.313797 154.613998 -1.149590
-93.585297 157.235992 -1.140170
-97.036499 159.848007 -1.148200
-100.518997 162.373993 -1.170610
-104.070999 164.792007 -1.214670
-107.542000 167.078003 -1.201030
-111.205002 169.455994 -1.163980
-114.628998 171.809998 -1.117160
-117.697998 174.468994 -1.079970
-120.155998 177.792999 -1.128300
-121.530998 181.873993 -1.195480
-121.428001 186.136002 -1.202940
-119.938004 190.106003 -1.216230
-117.537003 193.720001 -1.223760
-115.112000 196.912994 -1.226380
-112.644997 200.141006 -1.217670
-110.148003 203.447006 -1.200170
-107.674004 206.731003 -1.258320
-105.167000 210.067001 -1.303200
-102.671997 213.375000 -1.356250
-100.212997 216.669006 -1.400840
-97.772903 219.947998 -1.435100
-95.193901 223.434006 -1.470440
-92.688599 226.862000 -1.504740
-90.184303 230.311996 -1.542170
-87.741302 233.699997 -1.565880
-85.243202 237.154999 -1.641290
-82.684601 240.705002 -1.732080
-80.127998 244.220001 -1.813250
-77.338699 247.582993 -1.891530
-74.122299 250.358994 -1.949340
-70.169296 252.143997 -2.024880
-65.856796 252.406998 -2.043810
-61.651402 251.121994 -1.977060
-58.250000 249.020996 -2.029010
-54.833302 246.455994 -2.083980
-51.308399 243.742996 -2.100810
-47.854801 241.097000 -2.124550
-44.296902 238.389999 -2.094580
-40.824902 235.792999 -2.076680
-37.344101 233.216995 -2.062610
-33.792900 230.645004 -2.052030
-30.271099 228.134995 -2.077910
-26.784100 225.733994 -2.123820
-23.407200 223.472000 -2.188110
-19.764999 221.014999 -2.204250
-16.444000 218.487000 -2.218970
-13.478800 215.565994 -2.199910
-11.272400 212.009995 -2.266260
-10.285400 208.028000 -2.295280
-10.608200 203.875000 -2.247790
-12.237000 199.839005 -2.187320
-14.649000 196.156006 -2.117160
-17.028000 192.895004 -2.060000
-19.376900 189.604996 -1.973760
-21.868700 186.014008 -1.889480
-24.132601 182.699005 -1.870600
-26.534700 179.009995 -1.855240
-28.885500 175.371002 -1.832300
-31.281601 172.182999 -1.798790
-34.420799 169.356003 -1.758040
-38.410900 167.813004 -1.695990
-42.381302 167.988998 -1.606960
-46.102501 169.533005 -1.517940
-49.581902 171.910004 -1.639010
-52.775902 174.270996 -1.799470
-55.990601 176.688004 -1.950230
-59.416401 179.285995 -2.150370
-62.637199 181.731995 -2.339290
-65.890602 184.194000 -2.521090
-69.340401 186.809998 -2.734970
-72.667801 189.322998 -2.935670
-76.200302 191.973007 -3.164160
-79.577797 194.518005 -3.394760
-82.780098 196.910995 -3.609730
-86.173897 199.429001 -3.838360
-89.423401 201.804993 -4.065450
-92.783897 204.302994 -4.319710
-95.787697 206.983002 -4.584040
-98.265602 210.498001 -4.859110
-99.073303 214.720001 -5.023800
-98.167801 218.740005 -5.130740
-96.006104 222.306000 -5.172290
-93.391197 225.578995 -5.165330
-90.815903 228.766998 -5.163450
-88.353401 232.016006 -5.177680
-85.789398 235.421005 -5.232150
-83.282898 238.761002 -5.332080
-80.761902 242.153000 -5.457730
-78.352600 245.561005 -5.572630
-75.723198 249.024994 -5.688910
-72.621300 251.813004 -5.761900
-68.741798 253.311005 -5.782940
-64.453499 252.985992 -5.741360
-60.786201 251.330994 -5.625740
-57.076698 248.891006 -5.672380
-53.702202 246.348007 -5.650150
-50.210701 243.705002 -5.610890
-47.011299 241.270004 -5.555270
-43.755402 238.791000 -5.502830
-40.167801 236.093002 -5.450320
-36.788700 233.470993 -5.364410
-33.394199 230.716003 -5.305040
-30.037399 227.901993 -5.319360
-26.832100 225.186005 -5.313560
-23.756701 222.632004 -5.299500
-20.449900 219.945999 -5.265440
-17.073299 217.264008 -5.229640
-13.967000 214.548004 -5.100810
-11.228900 211.268997 -5.153900
-9.506820 207.382004 -5.174480
-9.622020 203.389008 -5.141340
-11.402400 199.617004 -5.109780
-13.879600 196.332001 -4.990650
-16.643299 193.001007 -4.900930
-19.224300 189.949005 -4.796060
-21.826000 186.723999 -4.695290
-24.430700 183.362000 -4.650670
-27.101900 179.934998 -4.634600
-29.688999 176.688004 -4.613260
-32.396599 173.218002 -4.590060
-34.959801 169.944000 -4.558170
-37.428699 166.774002 -4.469490
-39.993000 163.436996 -4.384010
-42.435501 160.205002 -4.293360
-44.996899 156.783005 -4.197630
-47.393002 153.554001 -4.188640
-49.781200 150.309998 -4.197330
-52.251400 146.957001 -4.190350
-54.828300 143.511002 -4.180010
-57.812500 140.348007 -4.153020
-61.423698 138.216003 -4.068680
-65.560402 137.453003 -3.993440
-69.499603 138.132004 -3.931750
-73.238602 140.035995 -3.946040
-76.488197 142.391006 -4.018780
-79.767601 144.960999 -4.045740
-83.047096 147.602997 -4.065100
-86.309998 150.201004 -4.067620
-89.606796 152.798996 -4.063580
-92.840897 155.354004 -4.045650
-96.111504 157.936005 -4.128420
-99.448196 160.574005 -4.236450
-102.845001 163.246994 -4.296310
-106.255997 165.882004 -4.339330
-109.556000 168.389999 -4.367310
-113.030998 170.919006 -4.397170
-116.321999 173.347000 -4.397690
-119.494003 176.179993 -4.372140
-121.792999 179.794006 -4.517490
-122.592003 183.796005 -4.612280
-121.806999 187.925995 -4.721780
-119.780998 191.513000 -4.766140
-117.252998 194.903000 -4.749180
-114.642998 198.255005 -4.748380
-112.142998 201.526993 -4.743020
-109.629997 204.828003 -4.763850
-107.041000 208.279007 -4.859780
-104.445999 211.798996 -4.948480
-101.867996 215.291000 -5.021800
-99.473602 218.518005 -5.095590
-96.794296 222.093994 -5.144140
-94.356697 225.447998 -5.161250
-91.863998 228.951004 -5.168390
-89.466698 232.186005 -5.199490
-86.584000 235.362000 -5.235840
-83.128197 237.636002 -5.310730
-79.182899 238.246002 -5.349490
-74.965698 237.158005 -5.290890
-71.359802 235.270004 -5.230070
-67.917503 233.063004 -5.217160
-64.431503 230.647995 -5.199830
-61.194901 228.313995 -5.157070
-57.939899 225.921997 -5.112300
-54.662102 223.447998 -5.058320
-51.465900 220.998001 -4.970470
-48.240002 218.570999 -4.870890
-44.991901 216.125000 -4.800140
-41.473202 213.477005 -4.793860
-38.018200 210.893005 -4.789310
-34.768501 208.395004 -4.779560
-31.514500 205.848007 -4.757410
-28.406200 203.270004 -4.684250
-25.293800 200.425003 -4.563690
-22.619900 197.399994 -4.588710
-20.792999 193.802002 -4.585920
-20.645700 189.615005 -4.499260
-22.227400 185.927002 -4.390200
-24.550200 182.567993 -4.360800
-26.970100 179.345001 -4.338250
-29.517401 176.098007 -4.300810
-32.148998 172.770996 -4.267730
-34.662899 169.649002 -4.229210
-37.201500 166.451996 -4.130230
-39.881401 162.962006 -4.026900
-42.287201 159.733002 -3.925730
-44.901100 156.529007 -3.821220
-48.117599 154.057007 -3.797110
-52.118999 152.884003 -3.781270
-56.238499 153.231995 -3.746690
-60.296700 154.917007 -3.693110
-63.926201 157.272003 -3.791470
-67.270103 159.800003 -3.834830
-70.807503 162.511993 -3.839760
-74.333603 165.235001 -3.847960
-77.800797 167.916000 -3.843980
-81.318100 170.647995 -3.837950
-84.729301 173.319000 -3.939910
-87.880203 175.764999 -4.047030
-91.072502 178.220993 -4.105310
-94.638100 180.919006 -4.158450
-98.065804 183.500000 -4.197050
-101.303001 185.944000 -4.223470
-104.820999 188.518005 -4.232530
-108.047997 191.309006 -4.237320
-110.306000 194.675995 -4.372890
-111.000000 198.729996 -4.442810
-109.870003 202.813995 -4.477190
-107.846001 206.376007 -4.546410
-106.263000 210.440994 -4.667090
-106.890999 214.688004 -4.774290
-109.412003 217.977997 -4.905530
-112.474998 220.623001 -5.081810
-115.613998 223.154999 -5.248810
-118.903000 225.613007 -5.446810
-122.727997 227.300995 -5.646470
-127.075996 227.468994 -5.707560
-131.447006 226.044006 -5.646700
-135.048004 223.639999 -5.577780
-138.072998 220.727997 -5.508020
-141.059006 217.272995 -5.405620
-144.147003 213.343994 -5.271600
-146.688004 210.112000 -5.179170
-149.348999 206.725006 -5.074710
-152.126999 203.158005 -4.982760
-154.966003 199.473999 -4.886130
-158.074997 195.427994 -4.797920
-161.130997 191.429001 -4.687490
-164.251999 187.311005 -4.593540
-167.451004 183.108994 -4.486130
-170.490997 179.067993 -4.400030
-173.490005 175.046997 -4.316720
-176.524002 170.953003 -4.242600
-179.354996 167.121994 -4.146670
-182.128006 163.339005 -4.063740
-184.839005 159.542999 -3.977970
-187.445007 155.778000 -3.908580
-189.990005 151.983994 -3.824770
-192.339005 148.244995 -3.782500
-194.729004 144.264999 -3.689110
-196.804001 140.563995 -3.596710
-198.869995 136.604996 -3.581810
-200.772995 132.669006 -3.525740
-202.623001 128.559998 -3.455720
-204.319000 124.457001 -3.387560
-205.871002 120.358002 -3.295500
-207.292999 116.309998 -3.234850
-208.613998 112.234001 -3.153030
-209.781998 108.218002 -3.091590
-210.865005 104.139999 -3.029740
-211.852997 99.995903 -2.964620
-212.710999 95.955704 -2.892130
-213.453003 91.925797 -2.823320
-214.069000 87.969398 -2.772910
-214.574997 83.964996 -2.721390
-215.007004 79.016998 -2.639220
-215.250000 73.978104 -2.550050
-215.326004 69.278999 -2.443780
-215.292999 64.599602 -2.349360
-215.154999 60.114700 -2.273970
-214.886993 55.763500 -2.187530
-214.389008 51.069698 -2.178350
-213.792999 46.640900 -2.051900
-213.113998 42.558300 -1.994270
-212.246002 38.227699 -1.923620
-211.378998 34.238300 -1.879650
-210.408005 30.261600 -1.852210
-209.242004 26.069500 -1.762370
-207.483002 22.214600 -1.667620
-204.776993 18.852501 -1.561430
-201.449005 16.378500 -1.480950
-197.330002 14.733400 -1.347450
-193.218002 14.189300 -1.313180
-188.813004 14.556800 -1.283550
-184.294006 15.708600 -1.338460
-180.235992 16.928600 -1.330830
-176.205002 18.174400 -1.292800
-172.113998 19.430300 -1.272010
-167.901001 20.736401 -1.230700
-163.565002 22.096100 -1.182530
-159.722000 23.339399 -1.147410
-155.503006 24.749001 -1.130060
-150.875000 26.333599 -1.102780
-146.190002 27.954201 -1.058120
-142.365005 29.250999 -1.037500
-137.630997 30.870701 -1.010320
-132.917999 32.480701 -0.993798
-128.063995 34.130501 -0.965597
-123.399002 35.698898 -0.942879
-118.702003 37.268398 -0.907507
-114.051003 38.832001 -0.883258
-109.369003 40.357399 -0.839953
-104.747002 41.828201 -0.772635
-100.278999 43.172298 -0.677068
-95.613998 44.519100 -0.596108
-91.286201 45.741901 -0.516727
-86.745598 46.922600 -0.447726
-82.433296 47.961899 -0.360585
-78.200600 48.870300 -0.275999
-73.898499 49.694099 -0.207809
-69.626602 50.382301 -0.161291
-65.351601 50.937099 -0.101144
-61.075401 51.365200 -0.044114
-56.726101 51.674900 0.007524
-52.354698 51.850700 0.053747
-48.022900 51.868401 0.090005
-43.631001 51.716599 0.129104
-39.297001 51.436100 0.170650
-34.909100 51.034901 0.208191
-30.460501 50.535198 0.237000
-26.075899 49.910500 0.249744
-21.709801 49.212700 0.225563
-17.258499 48.410900 0.176671
-12.962700 47.548302 0.155385
-8.573010 46.501999 0.101579
-4.259610 45.360901 0.038459
0.018021 44.089199 -0.018957
4.365910 42.604801 -0.096843
8.292200 41.031700 -0.172674
12.244300 39.198101 -0.253711
16.081499 37.260799 -0.335786
19.939199 35.234501 -0.418014
23.649000 33.247501 -0.519992
27.327000 31.248100 -0.599894
31.423300 28.911699 -0.714794
35.043598 26.797199 -0.820767
38.492199 24.705799 -0.929492
41.848701 22.034401 -1.064990
44.072102 18.333401 -1.240090
44.232700 13.884000 -1.205090
43.166500 9.993520 -1.190100
41.527802 6.205960 -1.165080
39.315300 2.862350 -1.115040
36.204201 0.115695 -1.064580
32.195900 -1.607620 -0.955713
27.853001 -2.343490 -0.826732
23.488701 -2.671730 -0.726240
19.246000 -2.941310 -0.605647
15.166000 -3.158080 -0.512005
11.060500 -3.506610 -0.472490
6.899660 -3.660030 -0.407699
3.037770 -2.465560 -0.424740
0.241190 0.770358 -0.368958
-0.926586 4.586730 -0.371826
-1.162090 8.683820 -0.387923
-0.888073 12.879900 -0.360451
-0.574597 17.110600 -0.377747
-0.094474 21.306000 -0.408636
