0.035249 -0.028705 -0.095334
-0.036206 0.000774 0.051743
-0.016108 -0.031881 -0.045805
-0.115259 -0.022072 -0.045016
0.678374 -0.038000 -0.026279
0.652418 0.017010 -0.219291
0.638861 -0.007520 -1.030845
0.693759 -0.056789 -1.513206
0.756890 0.099725 -2.060709
0.681307 -0.018557 -2.736466
0.665886 0.024915 2.839542
0.751203 0.092521 2.295756
0.740172 0.160711 1.616397
0.792697 0.059898 0.869353
0.743231 0.015577 0.276799
0.817158 0.127321 -0.290245
1.096052 0.047280 -0.239155
1.633945 -0.113970 -0.353861
2.274704 -0.287557 -0.279977
2.909562 -0.594324 -0.251305
3.592377 -0.690925 -0.317880
4.177248 -0.794367 -0.016133
4.839066 -1.029176 -0.209307
5.400949 -1.103837 -0.066394
5.962238 -1.174712 -0.126308
6.669850 -1.250998 -0.116969
7.245777 -1.234886 -0.122277
7.932176 -1.357764 -0.127864
8.503472 -1.388277 -0.216295
8.903799 -1.489080 -0.111457
8.778750 -1.413879 -0.648903
9.039731 -1.557680 -0.822836
9.338619 -1.942001 -0.926249
9.844150 -2.560337 -0.833560
10.283606 -2.968017 -0.825339
10.615390 -3.507656 -0.875184
11.070218 -4.022198 -0.752972
11.390339 -4.249380 -0.791590
11.431579 -4.307457 -1.088422
11.390649 -4.329890 -1.262599
11.639464 -5.005157 -1.283646
11.791328 -5.522818 -1.359564
11.969790 -6.054232 -1.315138
12.146864 -6.739648 -1.402313
12.261205 -7.409371 -1.390854
12.356585 -8.076846 -1.477471
12.478435 -8.718194 -1.431154
12.523324 -9.381267 -1.404723
12.724763 -9.919188 -1.498784
12.673756 -10.585323 -1.455911
12.716647 -11.236876 -1.592185
12.593520 -11.767027 -1.601948
12.507106 -12.491099 -1.691308
12.470141 -13.102405 -1.634206
12.408840 -13.473365 -1.851287
12.400642 -13.541532 -1.719220
12.318605 -13.616712 -1.641402
12.258219 -14.180087 -1.754174
12.219897 -14.901893 -1.704950
12.069915 -15.497221 -1.772360
12.009149 -16.138468 -1.655229
11.853661 -16.808413 -1.829028
11.948947 -17.454010 -1.541351
11.735151 -18.017424 -1.718925
11.684126 -18.615519 -1.729114
11.573947 -19.262432 -1.702681
11.393705 -19.829233 -1.705310
11.335515 -20.446232 -1.692363
11.319485 -20.943996 -1.797526
11.278793 -20.983091 -1.934310
11.215238 -20.958719 -2.614811
11.232158 -20.904470 2.958691
11.201840 -20.887497 2.962287
11.140848 -20.974836 2.980509
11.313084 -20.851997 2.262488
11.274379 -21.022472 1.983869
11.203597 -20.925652 2.637283
11.249028 -21.025702 2.847323
10.946393 -20.997162 -3.065962
10.262302 -20.993237 -3.015409
9.619822 -21.038513 3.127699
8.998451 -21.025030 -3.085999
8.456337 -20.939209 3.048045
7.609854 -20.854101 3.052211
7.181048 -20.686111 2.888641
6.503520 -20.602306 3.032750
5.720935 -20.505630 2.842586
5.107821 -20.358307 2.901341
4.784683 -20.237106 2.789070
4.722417 -20.116343 -3.048332
4.145598 -20.396061 -3.140271
3.407135 -20.321821 -3.015777
2.895319 -20.320997 3.116539
2.287946 -20.316038 2.998688
1.667966 -20.246479 3.005273
0.933650 -20.281910 3.086160
0.241138 -20.171934 3.113827
-0.298045 -20.291872 3.044943
-1.004909 -20.098125 2.992140
-1.654910 -20.155642 -3.140637
-2.207476 -20.016470 2.997629
-2.891626 -20.011105 3.066458
-3.557789 -19.977039 3.067762
-4.140073 -19.910624 3.127253
-4.816020 -19.799711 -3.122890
-5.413259 -19.749067 -3.096055
-6.005542 -19.832714 -3.115316
-6.759908 -19.787258 3.132465
-7.101333 -19.827061 -3.107347
-7.233947 -19.748144 2.661241
-7.119330 -19.699028 2.078083
-7.178341 -19.683044 1.588254
-7.215190 -19.056843 1.718388
-7.219929 -18.366043 1.633223
-7.337435 -17.689869 1.770730
-7.442075 -17.036093 1.685646
-7.641388 -16.427761 1.959890
-7.876128 -15.712833 2.009107
-7.855490 -15.621226 1.665385
-7.840750 -15.205064 1.495912
-7.772688 -14.572158 1.628897
-7.820659 -14.021320 1.632383
-7.887293 -13.334119 1.702975
-8.051672 -13.149620 1.696014
-7.835529 -12.854109 1.363326
-7.620780 -12.378708 1.255978
-7.521966 -11.640270 1.385133
-7.519948 -11.038476 1.376278
-7.390966 -10.431299 1.466402
-7.306334 -9.773417 1.413345
-7.261190 -9.145703 1.598516
-7.148340 -8.529650 1.616867
-7.252616 -7.861664 1.420476
-7.068919 -7.279679 1.424945
-7.093909 -6.566151 1.453336
-6.929358 -6.045006 1.392449
-6.944831 -5.502782 1.422535
-6.727166 -4.880495 1.355531
-6.682364 -4.278233 1.405324
-6.538707 -3.526509 1.581393
-6.566226 -2.910919 1.575016
-6.549109 -2.290535 1.426514
-6.541697 -1.731086 1.443037
-6.391858 -1.042119 1.337474
-6.297687 -0.655634 1.323896
-6.197171 -0.616573 0.957358
-6.218182 -0.686423 0.222182
-6.253001 -0.574338 -0.114296
-5.831890 -0.750178 -0.180812
-5.183093 -0.904266 -0.229660
-4.557771 -1.062352 -0.134118
-3.902142 -1.080560 -0.140940
-3.209987 -1.260856 -0.166232
-2.527523 -1.363036 -0.087040
-2.036991 -1.389575 -0.161184
-1.315689 -1.422890 -0.184030
-0.682136 -1.610077 -0.136404
-0.148337 -1.633690 -0.197335
0.115409 -1.635484 -0.226465
0.048189 -1.638038 0.824949
0.121640 -1.642247 1.882509
0.037947 -1.665450 2.791407
0.104072 -1.686760 -2.427830
-0.004435 -1.628201 -1.368439
0.080696 -1.707452 -0.421381
0.213927 -1.635766 0.011567
0.875914 -1.651676 -0.052283
1.482518 -1.739138 -0.028199
2.080746 -1.797813 -0.043527
2.691834 -1.837375 -0.033054
3.284836 -1.904584 -0.122664
3.843455 -1.922724 -0.242908
4.565425 -2.166953 -0.085730
5.208980 -2.209648 -0.125258
5.754959 -2.271235 -0.056751
6.423752 -2.289403 -0.160811
6.987398 -2.428696 -0.045857
7.755254 -2.429280 -0.115310
8.314657 -2.729462 -0.097405
8.715032 -2.699497 -0.136381
8.581740 -2.576071 -0.589806
9.080242 -3.014171 -0.694987
9.582517 -3.393900 -0.777327
9.970962 -3.691709 -0.834698
10.321187 -4.252776 -0.950392
10.640343 -4.816899 -1.059082
10.852336 -5.478999 -1.132084
11.043191 -6.038993 -1.185611
11.349790 -6.548492 -1.169738
11.601879 -7.132363 -1.225427
11.768348 -7.867280 -1.205663
12.057668 -8.447743 -1.252029
12.182698 -9.069789 -1.311260
12.262946 -9.701166 -1.327026
12.376896 -10.212719 -1.356986
12.624734 -10.801530 -1.431740
12.665206 -11.409736 -1.467760
12.711096 -12.104819 -1.460484
12.706510 -12.793391 -1.584145
12.778849 -13.354471 -1.598947
12.813055 -13.976607 -1.653418
12.649690 -14.550442 -1.684216
12.660747 -15.230913 -1.677500
12.644735 -16.001274 -1.765981
12.450343 -16.600760 -1.770115
12.310785 -17.145493 -1.747177
12.142755 -17.714905 -1.844397
12.080153 -18.407173 -1.748225
11.896884 -19.019203 -1.821173
11.788783 -19.601387 -1.785865
11.696021 -20.259460 -1.737888
11.481485 -20.816811 -1.729296
11.371153 -21.447477 -1.769932
11.275805 -22.154684 -1.910149
11.135773 -22.738579 -1.825641
11.035923 -23.100576 -1.826861
10.857082 -23.179850 -2.432966
10.957894 -23.101564 -2.977180
10.879872 -23.096121 -3.020561
10.403637 -23.083286 3.030194
9.749523 -22.963570 3.086451
9.002887 -22.975533 3.093921
8.446689 -23.027826 3.099229
7.785036 -22.991922 -3.073417
7.203431 -22.967125 3.126974
6.573882 -23.049561 -2.959704
5.964676 -22.998447 -3.095016
5.181132 -23.111155 -2.979059
4.592465 -23.055500 2.912292
4.108521 -23.016113 3.050017
3.645298 -22.922569 3.138777
3.741905 -22.948650 3.071313
3.458420 -22.739157 2.790743
2.806668 -22.492521 2.819201
2.286152 -22.332867 2.774892
1.925642 -22.256100 2.833041
1.670275 -22.225931 -3.135687
1.022198 -22.384319 -2.964095
0.351357 -22.365828 -3.055119
-0.325341 -22.493931 -3.053658
-0.925399 -22.483335 2.877836
-1.581732 -22.331326 3.045555
-2.061530 -22.438688 3.092964
-2.700676 -22.280123 3.062377
-3.385344 -22.243643 3.110849
-4.050421 -22.264862 2.974421
-4.741188 -22.151997 2.944629
-5.367882 -22.102932 3.080109
-5.893716 -22.057920 3.134769
-5.873548 -22.178886 -2.977934
-5.859577 -22.058441 2.768709
-6.221979 -21.747091 2.247945
-6.546639 -21.356440 2.253489
-6.943792 -20.844303 2.236101
-7.377712 -20.416872 2.212256
-7.399081 -20.344957 2.285195
-7.423307 -20.352039 1.820659
-7.511136 -19.876020 1.659087
-7.464324 -19.151957 1.726611
-7.727605 -18.593004 1.886113
-7.898214 -17.953335 1.877377
-7.864512 -17.864998 1.572092
-7.786443 -17.281944 1.489037
-7.701259 -16.718447 1.498459
-7.698157 -16.089375 1.616752
-7.674437 -15.500231 1.563055
-7.739083 -14.809320 1.502380
-7.652699 -14.109415 1.466765
-7.261646 -13.573122 1.259213
-7.323181 -12.937565 1.328967
-7.150496 -12.220705 1.501564
-7.044560 -11.632523 1.408539
-6.870049 -10.932793 1.522728
-6.801439 -10.470700 1.637165
-6.969638 -9.638148 1.686972
-6.880992 -9.122990 1.383929
-6.758496 -8.484354 1.467151
-6.826879 -7.934603 1.528103
-6.725276 -7.307682 1.426925
-6.566062 -6.734099 1.369981
-6.538311 -6.029109 1.454607
-6.280248 -5.422291 1.287351
-6.024576 -4.701974 1.366195
-6.014760 -4.095763 1.320069
-5.864101 -3.567226 1.389342
-5.601618 -2.909625 1.281865
-5.574829 -2.352666 1.404231
-5.608649 -2.310034 1.254374
-5.586823 -2.214454 0.681471
-5.596870 -2.269748 0.128967
-5.055241 -2.370837 -0.103115
-4.356276 -2.430025 -0.152874
-3.803309 -2.542432 -0.179826
-3.167844 -2.620435 -0.192565
-2.480451 -2.851572 -0.211984
-1.919895 -3.003499 -0.333774
-1.378053 -3.237478 -0.367517
-0.723739 -3.485231 -0.392910
-0.162289 -3.726529 -0.426508
0.455325 -3.996494 -0.439945
1.043532 -4.245684 -0.210236
1.619843 -4.197589 -0.346380
1.892193 -4.475114 -0.370097
1.822387 -4.481935 -0.310371
2.348161 -4.601028 -0.355863
3.069457 -4.628936 -0.144364
3.602122 -4.804367 -0.165086
4.314812 -4.910368 -0.266352
4.874891 -5.127146 -0.152479
5.551959 -5.257643 -0.113093
6.061901 -5.374122 -0.196606
6.487206 -5.319915 0.038714
6.516800 -5.367600 1.029896
6.519487 -5.148801 1.476762
6.439096 -4.477725 1.574192
6.560829 -3.950274 1.503287
6.484430 -3.220155 1.604510
6.434589 -2.627998 1.589642
6.439573 -2.024917 1.710086
6.355273 -1.582626 1.773039
6.445357 -1.561947 2.688652
6.387831 -1.620932 -2.508913
6.397482 -1.718174 -1.540748
6.365109 -1.647149 -0.514167
6.402458 -1.674730 0.090371
6.413850 -1.695995 -0.325356
6.529004 -1.579194 -0.943924
6.407346 -1.643880 -1.538098
6.410849 -2.241608 -1.657342
6.397978 -3.048600 -1.691478
6.245468 -3.649431 -1.724169
6.105056 -4.239307 -1.585170
6.050445 -4.849951 -1.682545
6.099030 -5.094189 -1.674770
6.084819 -4.980143 -0.617186
6.103393 -5.079997 0.469719
6.171554 -5.038504 1.367788
6.223157 -5.076533 2.378873
6.110863 -5.117693 -2.952318
6.172179 -5.049195 -1.886708
6.199562 -5.101392 -1.053077
6.195865 -5.105690 -0.296783
6.915882 -5.112763 -0.310216
7.465506 -5.330060 -0.012901
8.206351 -5.353048 -0.047660
8.344294 -5.463390 0.008122
8.504630 -5.267808 -0.726286
8.524287 -5.418344 -1.356547
8.672815 -6.073784 -1.272200
8.767376 -6.646773 -1.358757
8.872637 -7.428238 -1.450680
9.033494 -7.693708 -1.417793
8.895535 -7.607202 -1.647641
9.002786 -7.801140 -2.425487
8.896843 -7.650912 -2.947036
8.961394 -7.717054 2.584547
9.003503 -7.677762 2.094096
8.963217 -7.669020 1.450282
8.977833 -7.580715 0.760381
8.981708 -7.675489 0.124483
8.982181 -7.662160 0.000992
9.000857 -7.650473 0.901917
8.991976 -7.376083 1.347846
9.105237 -7.146212 1.461516
8.927655 -6.743946 1.889311
8.865511 -6.520674 1.429905
8.894769 -6.310592 1.026399
9.121818 -5.768947 0.965012
9.628484 -5.287731 0.909567
9.661108 -5.311905 0.606027
9.657239 -5.284299 0.043282
9.679713 -5.314589 -0.521908
10.095565 -5.618282 -0.579714
10.594955 -5.845519 -0.574754
11.189481 -6.182133 -0.554039
11.683047 -6.414214 -0.668245
11.614157 -6.509447 0.030866
11.622562 -6.483879 0.824805
12.104599 -5.895457 0.856608
12.527087 -5.459133 0.957779
12.878880 -4.980517 1.132309
13.000237 -4.640789 1.244748
12.905203 -4.732309 2.318372
12.986327 -4.613535 -2.993502
12.967255 -4.697355 -2.090166
12.923635 -4.751822 -1.102903
13.099721 -4.799282 -0.813098
13.734919 -5.151000 -0.492267
14.118546 -5.506488 -0.477425
14.641563 -5.836750 -0.616711
14.802323 -5.892171 -0.205798
14.604526 -5.920602 0.289549
14.657038 -5.914565 1.264565
14.677975 -5.938953 2.653971
14.715350 -5.869560 -2.713202
14.792326 -5.712677 -2.376287
14.766411 -5.690903 -2.446277
14.799809 -5.652567 -2.518228
14.809596 -5.721586 -2.206738
14.733970 -5.719184 -1.918366
14.577256 -6.489081 -1.821152
14.527555 -6.995988 -1.922606
14.045254 -7.512159 -2.230769
13.606983 -8.282937 -2.181894
13.232084 -8.602545 -2.168344
13.328072 -8.580220 -1.666133
13.312997 -8.593442 -0.803420
13.604116 -8.788179 -0.620165
14.052154 -9.207186 -0.745529
14.324492 -9.339688 -0.804491
14.209444 -9.442339 -1.341023
14.296161 -9.300943 -2.005066
13.937575 -9.749163 -2.237302
13.539248 -10.213653 -2.308181
13.111611 -10.763653 -2.079940
12.744759 -11.393819 -2.134951
12.581131 -11.539523 -2.227668
12.429304 -11.810275 -2.618043
11.959398 -11.861918 -2.687789
11.947311 -11.948609 -2.227022
12.002274 -11.872876 -2.058410
11.933083 -11.836622 -1.072651
11.919294 -11.898097 0.105702
11.984139 -11.864129 0.498771
12.030631 -11.814071 0.546542
11.986167 -11.828087 0.467907
11.976163 -11.822181 0.431079
12.045630 -11.740386 0.576333
12.639841 -11.453810 0.529120
13.156708 -11.153403 0.520564
13.533396 -11.048656 0.343625
13.521309 -11.061549 0.532361
13.415341 -11.088142 -0.136039
13.521770 -11.168627 -0.845245
13.751936 -11.513198 -1.041973
13.992626 -12.122279 -1.040441
14.278429 -12.630327 -1.108066
14.556763 -13.201529 -1.183689
14.772985 -13.618483 -1.149776
14.829233 -13.598788 -1.526244
14.742275 -13.638740 -2.232242
14.851767 -13.723592 -2.874682
14.792130 -13.622520 2.732789
14.864247 -13.701869 2.223233
14.793490 -13.583251 1.564558
14.790225 -13.639613 0.938384
14.726990 -13.593631 1.127673
14.872229 -13.522543 1.808302
14.584709 -12.876373 1.719090
14.378819 -12.453717 1.806906
14.245622 -11.751361 1.896285
14.211658 -11.160795 1.948700
14.101634 -11.268655 1.489081
14.117657 -11.296825 0.917361
14.372985 -11.106198 0.479108
14.864711 -10.883217 0.526792
15.449149 -10.581461 0.438120
15.794455 -10.391081 0.334301
15.734562 -10.475510 -0.258688
15.707638 -10.429118 -0.843304
15.949423 -10.878198 -1.304777
16.274632 -11.478135 -1.327713
16.343582 -12.005203 -1.274936
16.289993 -11.891548 -0.499355
16.589497 -11.897097 0.319648
17.209419 -11.733526 0.207202
17.756578 -11.691838 0.205110
18.342655 -11.563908 0.058539
19.029150 -11.488572 0.170399
19.749783 -11.437808 -0.004119
20.225828 -11.500718 0.138708
20.161989 -11.430130 -0.171187
20.141474 -11.408084 -0.783332
20.217567 -11.394756 -1.444900
20.113821 -11.492017 -2.072922
20.123650 -11.426299 -2.753939
20.228842 -11.383074 2.996191
20.163980 -11.486070 2.429787
20.235725 -11.275227 1.734753
20.250229 -11.409809 1.306152
20.197651 -11.448446 1.837777
20.186771 -11.591145 2.863423
20.169184 -11.455058 -3.060439
20.189571 -11.425279 -3.082895
19.592278 -11.533952 -3.006951
19.140806 -11.522767 -3.013317
18.397778 -11.597577 -3.069907
17.807795 -11.701555 -3.047704
17.198111 -11.850240 -2.977245
16.732410 -11.881860 -2.978107
16.738058 -11.999501 -2.413330
16.735220 -11.932287 -1.599962
16.835081 -12.214995 -1.230239
16.900986 -12.751470 -1.239336
17.199263 -13.392877 -1.291106
17.336945 -14.050970 -1.234732
17.604586 -14.591638 -1.164299
17.943142 -15.124489 -1.240790
18.041395 -15.654176 -1.246795
18.206375 -16.358332 -1.248124
18.580402 -16.915562 -1.024408
18.854252 -17.418007 -1.065928
19.224983 -18.130850 -1.098384
19.414778 -18.466093 -1.079729
19.408470 -18.446739 -0.262140
19.633488 -18.320896 0.469277
20.284431 -18.277468 0.269970
20.868504 -18.055944 0.217012
21.518507 -17.849260 0.174456
22.196180 -17.864372 0.133965
22.497824 -17.757524 0.147277
22.423975 -17.775206 0.932486
22.446194 -17.747078 2.182138
22.494913 -17.811375 3.107459
22.400436 -17.746376 -2.864661
21.858767 -17.964315 -2.855631
21.223251 -18.173391 -2.846451
20.538588 -18.362228 -2.721903
19.962574 -18.640751 -2.696179
19.443928 -18.738842 -2.824822
19.310163 -18.861509 -2.392682
19.232098 -18.837038 -1.225257
19.386860 -19.223087 -1.100804
19.740726 -19.813076 -1.060933
20.044775 -20.474867 -1.137277
20.160141 -20.882942 -1.079925
20.500540 -21.475786 -1.300492
20.690725 -22.084152 -1.276377
20.885977 -22.696810 -1.302744
21.035183 -23.300257 -1.401046
21.065590 -23.975201 -1.365602
21.293316 -24.526667 -1.443615
21.327269 -24.697830 -1.433021
21.386072 -24.749851 -0.421353
21.323162 -24.806957 0.237179
21.272449 -24.838993 0.293985
21.683950 -24.575262 0.448399
22.192625 -24.394567 0.417361
22.753891 -24.145868 0.300606
23.429144 -23.981106 0.291789
23.979523 -23.862055 0.116452
24.533499 -23.634697 0.328106
25.220837 -23.402252 0.455630
25.450615 -23.377008 0.432885
25.326242 -23.378138 0.975147
25.289707 -23.353537 2.124250
25.282238 -23.441641 2.957366
25.370306 -23.440887 -2.398016
25.350101 -23.366039 -1.358818
25.451714 -23.413998 -0.480344
25.389748 -23.449383 -1.117213
25.296322 -23.341644 -1.680468
25.453920 -23.489023 -2.245886
25.334692 -23.435127 -2.878335
24.694193 -23.762516 -2.783307
23.966110 -23.883844 -2.796247
23.334238 -24.126226 -2.722613
22.797260 -24.435799 -2.698672
22.208670 -24.601879 -2.586489
22.225586 -24.651630 -3.045026
22.301992 -24.657228 2.678463
22.163664 -24.755373 -3.031011
22.066635 -24.882547 -2.334327
21.542494 -25.235487 -2.648488
21.021175 -25.495325 -2.531579
20.516012 -25.828232 -2.619075
20.521301 -25.797773 -1.802051
20.533686 -25.846901 -0.930452
20.824871 -26.186270 -0.871858
21.251358 -26.706547 -0.923771
21.726261 -27.337954 -0.901643
21.814035 -27.575855 -1.028036
21.815157 -27.742001 -1.269367
21.947601 -27.748684 -0.940243
21.908279 -27.757635 0.007779
21.921364 -27.703829 1.020226
21.879648 -27.679287 2.052732
21.807951 -27.666859 3.018672
21.863091 -27.767260 2.692753
21.320620 -27.325741 2.702899
20.758059 -27.051569 2.703329
20.133055 -26.906185 2.761672
19.521809 -26.609472 2.819168
19.206503 -26.578520 2.875561
19.204813 -26.578329 -2.554258
18.621510 -26.946560 -2.474851
18.303883 -27.350864 -2.327709
17.781160 -27.864965 -2.312273
17.440914 -28.269609 -2.321024
16.974083 -28.707607 -2.262889
16.617558 -29.250036 -2.083456
16.245138 -29.703688 -2.123370
15.985476 -30.387053 -2.147372
15.836282 -30.608116 -2.043628
15.757012 -30.559200 -0.945637
16.139887 -30.989672 -0.672171
16.654678 -31.312761 -0.681018
17.072403 -31.812256 -0.798900
17.517626 -32.124851 -0.851553
17.754705 -32.511646 -0.808652
17.759354 -32.508987 -0.042399
17.855543 -32.438343 1.017243
17.818470 -32.441280 1.948827
17.677658 -32.354263 2.757919
16.970499 -32.134541 2.557679
16.561167 -31.783739 2.555687
16.002874 -31.499807 2.802010
15.523111 -31.168604 2.595149
15.202627 -31.065754 2.652409
15.105430 -31.026451 2.893265
15.113851 -30.890806 -2.312375
14.625465 -31.405027 -2.299184
14.411968 -31.754999 -2.385385
14.304563 -31.731646 -1.860096
14.347328 -31.755245 -0.869209
14.728763 -31.963942 -0.529441
15.265824 -32.246006 -0.530017
15.800151 -32.644531 -0.909489
16.249704 -33.253639 -0.850821
16.580574 -33.720753 -0.819769
17.008717 -34.035248 -0.970971
16.791170 -33.818520 -0.968423
16.593214 -33.471031 -1.017336
16.614330 -33.555641 -1.554952
16.612562 -33.641186 -2.153661
16.555859 -33.501835 -2.863128
16.591162 -33.524036 2.739449
16.336369 -33.398136 2.371411
15.881377 -32.988739 2.191165
15.453545 -32.410728 2.330941
15.042747 -31.951637 2.447422
14.659294 -31.631685 2.477049
14.665636 -31.610199 3.108959
14.661421 -31.725191 -2.202115
14.340462 -32.305973 -2.109093
13.858390 -32.887177 -2.086230
13.563457 -33.245167 -2.186048
13.113457 -33.894527 -2.362599
12.873611 -34.154697 -2.365831
12.450018 -34.540535 -2.173039
12.033525 -35.077682 -2.337626
11.489075 -35.445164 -2.327996
11.086960 -35.947300 -2.456534
10.779829 -36.294495 -2.459404
10.784400 -36.318726 -1.656406
10.794394 -36.424618 -0.698554
11.331011 -36.855774 -0.422302
12.029467 -37.081585 -0.181193
12.621017 -37.122326 0.073153
13.194266 -37.188911 -0.308908
13.750942 -37.390675 -0.640333
13.799908 -37.423824 0.289959
13.875897 -37.551796 1.253637
13.876152 -37.489685 2.304446
13.628147 -37.431290 2.791786
13.033541 -37.137901 2.838103
12.606231 -37.026463 2.803634
11.851336 -36.833458 3.096420
11.245202 -36.861534 3.059764
10.668272 -36.823456 2.973789
10.700876 -36.846130 -2.728318
10.576851 -36.970814 -2.031183
10.362295 -37.501343 -1.943584
10.222679 -38.153187 -1.914875
10.079145 -38.250557 -1.268050
10.126702 -38.171711 -0.521394
10.816764 -38.449757 -0.451474
11.305827 -38.649506 -0.339001
11.893789 -38.900463 -0.399294
12.389110 -39.131950 -0.365237
12.962844 -39.414696 -0.480885
13.251424 -39.520565 -0.516885
12.634419 -39.284122 -0.470150
12.574057 -39.139622 -0.610802
12.447374 -39.104721 -1.240609
12.522360 -39.077652 -1.866143
12.535874 -39.142426 -2.500553
12.558124 -39.124851 -3.096184
12.368287 -39.023911 2.680412
11.910092 -38.841534 2.739414
11.494223 -38.648411 3.069690
10.822791 -38.536621 3.030123
10.166958 -38.551369 3.102988
9.895839 -38.553326 -3.039807
9.846843 -38.615860 -2.004037
9.973117 -39.008839 -1.500093
9.862391 -39.447372 -1.733852
9.845023 -40.122253 -1.693993
9.698650 -40.611763 -1.638879
9.597872 -41.242298 -1.590003
9.630753 -41.858013 -1.776742
9.519196 -42.287743 -1.609519
9.519938 -42.313354 -1.120128
9.570391 -42.344090 -0.062424
9.521704 -42.331135 0.735564
9.609061 -42.368118 1.555474
9.553228 -42.242065 2.484807
9.525990 -42.299091 2.310101
9.522263 -41.956566 1.649880
9.456393 -41.195053 1.845981
9.299458 -40.661644 1.836862
9.103476 -40.102612 1.835799
8.946419 -39.524502 1.654136
8.768315 -38.888611 1.696174
8.698328 -38.189884 1.793361
8.479189 -37.659786 1.829814
8.398473 -37.162884 1.545437
8.347147 -37.044621 1.080369
8.378191 -37.146862 0.441647
8.332532 -37.216671 0.065878
8.226303 -37.168083 -0.427204
8.314632 -37.106541 -1.114537
8.337898 -37.059528 -1.643616
8.081215 -37.621094 -1.918027
7.767127 -38.087090 -2.189268
7.422301 -38.616436 -2.098381
6.993287 -39.262592 -2.158997
6.769450 -39.722485 -2.159432
6.136746 -40.296535 -2.257755
5.851344 -40.772820 -2.224605
5.450415 -41.272854 -2.241357
4.965986 -41.780846 -2.263088
5.093634 -41.897964 -2.213119
4.948297 -41.956924 -1.075054
5.068943 -41.711838 0.111480
5.026900 -41.933033 0.661933
5.165710 -41.498623 1.121565
5.519379 -41.057884 1.194962
5.609996 -40.439720 1.135929
5.920207 -39.777134 1.248092
6.157054 -39.251717 1.267497
6.263055 -38.639595 1.257308
6.461412 -38.438622 1.773027
6.319948 -38.440689 2.774030
5.770927 -38.248302 2.867494
5.234599 -38.027046 2.765287
5.202942 -38.169579 -2.850616
5.289752 -38.109810 -2.099354
4.950379 -38.596176 -2.114353
4.640444 -39.157097 -2.131751
4.333073 -39.485058 -2.081500
4.468454 -39.544453 -2.531044
4.356224 -39.566872 -3.131212
4.413809 -39.531902 2.462710
4.307394 -39.541660 2.043042
4.313956 -39.711369 1.436490
4.651658 -39.062443 1.023108
4.929772 -38.487217 0.917852
5.304223 -38.198277 0.798245
5.336021 -38.077053 1.167557
5.293663 -38.131660 2.248693
5.000457 -37.942154 2.842409
4.474003 -37.806126 2.774780
3.870459 -37.496506 2.824058
3.344810 -37.265652 2.655180
2.661325 -37.014210 2.706703
2.222639 -36.757412 2.609142
1.647661 -36.381607 2.784860
1.192338 -36.115925 2.816030
0.614814 -35.903503 2.553809
0.067165 -35.578796 2.717766
0.040742 -35.609158 2.930914
0.042263 -35.702526 -2.456044
-0.219834 -36.193748 -2.060277
-0.396740 -36.519325 -2.000668
-0.525725 -36.647430 -1.374516
-0.422073 -36.615677 -0.470467
-0.472788 -36.612148 0.437864
-0.454166 -36.554993 1.255496
-0.347828 -35.999657 1.417217
-0.269330 -35.324322 1.284284
-0.225577 -35.326366 1.855404
-0.193115 -35.353104 2.786417
-0.698824 -35.050018 2.780529
-1.190371 -34.839172 2.868648
-1.245165 -34.786293 -2.536580
-1.319697 -35.050758 -1.933162
-1.638440 -35.678398 -1.948211
-1.812714 -36.271591 -1.948248
-1.981012 -36.937527 -2.033666
-2.221599 -37.136024 -2.128864
-2.192235 -37.135227 -2.628522
-2.486369 -37.117027 -3.038098
-3.029906 -37.200577 -3.057418
-3.257934 -37.220711 -3.122087
-3.348066 -37.132126 2.625183
-3.401181 -37.151409 2.065434
-3.302698 -37.158463 1.519724
-3.272966 -37.153538 0.822153
-3.287298 -37.160854 0.321456
-2.771916 -36.988235 0.223389
-2.196630 -36.735432 0.318485
-1.879938 -36.723896 1.201089
-1.763896 -36.144943 1.206079
-1.506837 -35.538799 1.113070
-1.432661 -35.529755 1.593806
-1.417916 -35.601902 2.376840
-1.671416 -35.405453 2.545475
-2.161427 -35.043846 2.658817
-2.743503 -34.747303 2.606914
-3.363000 -34.552723 2.670998
-3.935040 -34.225933 2.746064
-4.491749 -34.016750 2.804917
-5.118214 -33.721294 2.722444
-5.679572 -33.467731 2.716018
-6.240139 -33.210201 2.823124
-6.785118 -33.088898 2.869807
-7.033389 -33.078850 3.107785
-7.039987 -33.149277 -2.141750
-7.274614 -33.541134 -2.042639
-7.611978 -34.140053 -2.116199
-7.991912 -34.611217 -2.133040
-7.994044 -34.719978 -1.451785
-7.876379 -34.659405 -0.486414
-7.928981 -34.666859 0.519898
-7.917195 -34.688477 1.481117
-7.910944 -34.586525 2.101887
-7.914412 -34.628319 1.632907
-7.823516 -34.505814 0.957698
-7.505514 -33.860966 1.055251
-7.180845 -33.391529 1.018245
-6.965817 -32.912235 0.963632
-6.957440 -32.889996 1.813404
-6.933294 -32.927879 2.709981
-7.502880 -32.607758 2.602380
-8.120724 -32.356907 2.669754
-8.700487 -32.120094 2.939839
-9.291461 -31.852503 2.761371
-9.833413 -31.722792 2.802472
-10.461712 -31.414644 2.746868
-10.897946 -31.187830 2.806198
-11.543915 -30.890076 2.730554
-11.949724 -30.625160 2.609998
-12.282444 -30.548780 2.834495
-12.262703 -30.529343 -2.406534
-12.320333 -30.607605 -1.632932
-12.242175 -30.557713 -0.674139
-12.222695 -30.646929 0.307972
-12.205394 -30.583792 1.308572
-12.204859 -30.540359 0.987096
-12.228765 -30.530800 0.470658
-12.262082 -30.543863 -0.110431
-11.950294 -30.743404 -0.341389
-11.350935 -30.948681 -0.396020
-10.882675 -31.157024 -0.421984
-10.240972 -31.370451 -0.427016
-9.660338 -31.536844 -0.353032
-9.062276 -31.811388 -0.382918
-9.010927 -31.931549 0.098573
-9.005607 -31.876089 0.907287
-8.801708 -31.562778 1.434677
-8.663007 -30.868322 1.212180
-8.427772 -30.375397 1.186287
-8.343489 -29.735828 1.239019
-8.064583 -29.102684 1.277932
-7.946532 -28.575939 1.229103
-7.665562 -28.044401 1.244225
-7.441009 -27.474113 1.172278
-7.125198 -26.878666 1.078946
-7.032684 -26.335476 1.125169
-6.963232 -26.389017 2.101634
-7.070950 -26.239700 2.925251
-7.669185 -26.194513 2.768883
-8.304694 -26.006670 2.843540
-8.971745 -25.854464 2.847952
-9.393557 -25.578682 2.906928
-10.104733 -25.509350 2.850988
-10.150211 -25.528204 3.109066
-10.206237 -25.526297 -2.134600
-10.255031 -25.519621 -1.153077
-10.268737 -25.467897 -0.101543
-10.210198 -25.520100 0.844219
-10.226600 -25.527525 1.546751
-10.239612 -25.398075 1.006606
-10.252987 -25.531698 0.344446
-10.088026 -25.504343 -0.225533
-9.605584 -25.673946 -0.297588
-9.056914 -25.808491 -0.430038
-8.877728 -25.934443 -0.035406
-8.263718 -25.901337 -0.007716
-7.754062 -25.796408 -0.045294
-7.876199 -25.861433 -0.063684
-7.088779 -25.869911 -0.253947
-6.534997 -26.142206 -0.488833
-6.213336 -26.375885 -0.536575
-6.149224 -26.283455 0.116745
-6.223313 -26.440802 1.112307
-6.215664 -26.309587 2.146817
-6.190134 -26.309364 -3.101539
-6.203874 -26.457970 -2.246509
-6.314225 -26.655731 -1.910785
-6.675681 -27.208687 -2.035585
-6.891988 -27.813353 -2.045572
-7.257231 -28.369642 -1.719082
-7.355285 -29.026379 -1.600024
-7.268530 -29.628059 -1.309331
-7.175539 -29.686110 -0.824018
-6.778968 -29.975502 -0.542457
-6.171506 -30.267082 -0.511240
-5.658946 -30.554480 -0.612796
-5.124196 -30.912397 -0.640346
-4.732701 -31.190605 -0.573246
-4.363813 -31.575144 -0.549584
-3.864606 -31.978022 -0.621763
-3.766694 -31.841171 -0.027067
-3.271110 -31.845903 0.131801
-2.692738 -31.792042 0.167883
-2.049846 -31.638702 0.154705
-1.305861 -31.526760 0.223552
-0.689589 -31.399015 0.202903
-0.529360 -31.411325 -0.264915
-0.005319 -31.524120 -0.088529
0.580896 -31.681461 -0.118537
1.079010 -31.723824 -0.184199
1.777235 -31.792440 -0.100767
2.352532 -31.903677 -0.157140
2.604719 -31.792215 0.449171
3.090917 -31.590500 0.104636
3.676738 -31.590309 -0.063705
4.246491 -31.557808 0.054859
4.951002 -31.560600 -0.046990
5.516338 -31.592453 -0.058480
6.172539 -31.652855 -0.157146
6.690099 -31.753897 -0.121370
7.379434 -31.791950 -0.112363
7.323037 -31.805431 0.342009
7.952365 -31.532122 0.464381
8.467551 -31.278055 0.416645
9.115211 -31.065554 0.304954
9.655188 -30.887938 0.336194
10.204937 -30.669983 0.295003
10.837089 -30.412067 0.209820
11.504752 -30.374664 0.088784
12.174926 -30.321823 0.138796
12.623718 -30.239784 0.081439
12.630959 -30.194035 0.734138
12.646122 -30.223240 1.757395
12.523062 -29.568838 1.841185
12.460022 -29.126423 1.673728
12.448953 -28.456356 1.581250
12.358052 -27.901407 1.574764
12.380229 -27.201153 1.462216
12.436097 -26.579735 1.488385
12.419597 -26.038450 1.584202
12.407651 -25.420273 1.514739
12.444905 -24.681042 1.525752
12.618160 -24.454628 1.588667
12.311120 -24.208790 1.912255
12.054036 -23.565180 1.894435
12.072998 -23.039423 1.740519
11.882004 -22.311264 1.486764
11.924791 -21.668253 1.306605
12.059923 -21.073040 1.671011
11.932436 -20.495388 1.814980
11.979937 -19.835205 1.805393
11.941262 -19.179291 1.586864
11.820306 -18.616623 1.544223
11.921444 -17.848019 1.471075
11.899443 -17.334564 1.401846
12.083500 -16.762850 1.463269
12.256354 -16.135674 1.470876
12.260728 -15.454309 1.444568
12.264110 -14.835565 1.568715
12.230351 -14.286580 1.659564
12.117668 -13.626073 1.615840
12.209678 -12.965314 1.688406
12.069814 -12.616488 1.543256
12.153305 -12.458133 2.432161
12.116743 -12.513470 -2.927451
12.136222 -12.578711 -2.996233
12.089732 -12.489518 -2.858481
11.787893 -12.625645 -2.780987
11.144370 -12.738895 -2.863029
10.542609 -12.932902 3.116747
9.943769 -12.936081 -3.113532
9.262154 -12.911044 -3.133578
8.629308 -12.923403 -3.089430
7.946515 -12.865972 -3.015126
7.348591 -13.039879 -2.979807
6.685519 -12.953642 -3.072469
6.181369 -13.007555 -3.086183
5.454125 -13.148181 -2.970330
4.903440 -13.115411 -2.993484
4.357534 -13.314737 -3.010842
3.678133 -13.330967 -2.986140
3.136730 -13.431080 -2.890577
2.442611 -13.596429 -2.863649
1.916148 -13.725683 -2.924784
1.189893 -13.906693 -2.920063
0.592304 -13.914379 -3.041709
-0.054789 -14.118412 -2.974541
-0.620114 -14.146762 -2.952656
-1.329196 -14.328726 -3.043118
-1.839240 -14.563359 -2.960186
-2.430395 -14.544937 -2.974450
-3.031599 -14.710390 -2.820068
-3.580397 -14.804013 -2.893786
-4.249224 -14.971706 -2.861701
-4.626612 -15.076283 -3.001659
-4.646725 -15.112171 -2.281226
-4.936162 -15.557890 -2.040275
-5.293074 -16.239687 -2.375156
-5.740740 -16.627340 -2.363904
-6.148510 -17.126827 -2.446975
-6.696429 -17.498728 -2.371967
-7.054160 -17.984081 -2.312257
-7.542972 -18.389273 -2.172097
-7.904840 -18.865099 -2.308939
-7.997378 -19.129381 -2.054748
-8.095990 -19.247375 -1.516528
-7.991776 -19.879410 -1.482564
-7.892923 -20.585281 -1.544490
-7.942089 -21.222172 -1.542520
-7.862509 -21.852972 -1.461118
-7.774508 -22.348305 -1.531739
-7.795719 -23.089355 -1.533910
-7.664393 -23.910826 -1.489349
-7.642600 -24.351305 -1.570625
-7.648952 -25.075136 -1.499869
-7.537434 -25.549047 -1.482873
-7.546913 -26.304520 -1.521968
-7.507583 -26.866323 -1.535529
-7.446894 -26.926828 -1.574916
-7.324088 -26.888927 -1.453899
-7.444263 -27.645006 -1.399505
-7.262774 -28.226015 -1.376108
-7.212671 -28.543209 -1.438972
-7.307666 -28.423683 -0.458961
-7.076324 -28.404518 0.035412
-6.571059 -28.346231 0.054743
-5.862064 -28.427197 0.075768
-5.271849 -28.376595 -0.063987
-4.558498 -28.448494 -0.133892
-3.902261 -28.435270 -0.126001
-3.876762 -28.516565 -0.416474
-3.733385 -28.588402 -0.908845
-3.837247 -28.521133 -1.482572
-3.878148 -28.914007 -1.823787
-3.933284 -29.534704 -1.634881
-3.997000 -30.176064 -1.617418
-3.959058 -30.245895 -1.005606
-3.952542 -30.203234 0.024380
-3.959889 -30.233717 1.049469
-4.026630 -30.253664 1.923316
-3.926620 -30.214777 3.034143
-3.973653 -30.252354 2.881139
-4.009816 -30.281313 2.478171
-3.866908 -30.182932 2.007771
-3.968952 -29.819962 1.608240
-4.035952 -29.219925 1.639813
-4.050170 -28.594339 1.771435
-4.103347 -27.955610 1.530962
-4.185355 -27.351513 1.703258
-4.281530 -26.947905 1.693963
-4.238089 -26.982574 2.449121
-4.200964 -27.008636 -2.679590
-4.186632 -26.919422 -1.783037
-4.236765 -27.014761 -0.741530
-4.283354 -26.997906 0.215357
-3.663085 -26.834698 0.160230
-3.022862 -26.716892 0.079560
-2.560083 -26.734932 0.056608
-2.620119 -26.718908 -0.498312
-2.562104 -26.618681 -1.093814
-2.557462 -26.951756 -1.337314
-2.321148 -27.530087 -1.186099
-2.157136 -28.249258 -1.263231
-2.106994 -28.236591 -0.854718
-2.169067 -28.153822 -0.206808
-2.205445 -28.156712 -0.083538
-2.133007 -28.149111 -0.562352
-1.680149 -28.574934 -0.781194
-1.361337 -28.892906 -0.747046
-1.361136 -28.792536 -1.308200
-1.231327 -29.418201 -1.395667
-0.994637 -29.963701 -1.350731
-0.985831 -30.030233 -0.891328
-0.914427 -30.090469 -0.050018
-0.320161 -30.032942 0.048411
0.246121 -30.054230 0.052187
0.227306 -30.034428 -0.401962
0.692856 -30.287745 -0.550644
0.940001 -30.361410 -0.247149
0.947723 -30.415239 0.806024
0.949732 -30.421001 1.761576
0.808630 -30.429249 2.765332
0.386149 -30.303671 3.060466
-0.236551 -30.223524 2.970372
-0.962554 -30.163076 2.928973
-1.008506 -30.090038 2.911124
-0.980825 -30.050411 2.258491
-1.250046 -29.710211 2.133977
-1.597276 -29.111469 2.053166
-1.837319 -28.568935 2.133358
-1.826820 -28.523117 1.616481
-1.764095 -28.561073 0.957835
-1.815602 -28.555607 0.478743
-1.415727 -28.434258 0.227887
-0.767206 -28.256767 0.141542
-0.180854 -28.265799 0.083538
-0.241923 -28.328585 0.433992
0.031154 -28.145517 0.653809
-0.006916 -28.089386 0.322369
0.565572 -27.888550 0.196608
1.272984 -27.877588 0.136282
1.857321 -27.602961 0.098387
2.437390 -27.709120 0.144350
2.397561 -27.524240 0.429855
2.899608 -27.217649 0.452502
3.512858 -27.131073 0.273189
4.195003 -26.862389 0.299994
4.754969 -26.829479 0.066502
5.262023 -26.566006 0.457754
5.797074 -26.439856 0.420664
6.427710 -26.027508 0.439123
6.938335 -25.897833 0.373776
7.558904 -25.558935 0.430819
7.612854 -25.586555 0.325481
7.631390 -25.450933 -0.408660
7.609139 -25.585133 -0.776760
8.018193 -25.929535 -0.892004
8.124933 -26.177752 -0.863424
8.118267 -26.166815 -1.536340
8.200655 -26.735291 -1.529372
8.356604 -27.218237 -1.334152
8.490660 -27.911592 -1.267718
8.492095 -28.020821 -0.989103
8.441730 -28.035961 0.035831
8.477966 -28.087639 1.020208
8.453478 -28.026127 2.053768
8.160645 -27.441710 2.017560
7.995745 -26.759560 1.540035
7.993811 -26.044672 1.608847
8.074136 -25.552202 1.558907
8.048582 -25.187622 1.458692
8.014745 -25.131216 0.911896
8.013205 -25.154091 0.340112
8.322727 -25.188330 0.069229
9.020617 -25.151150 0.113882
9.531427 -25.052677 0.029868
9.416878 -25.060019 -0.480834
9.581716 -25.026968 -1.002851
9.683946 -25.366133 -1.487726
9.698210 -26.008532 -1.304945
9.873608 -26.624451 -1.433751
9.992451 -27.242140 -1.417478
10.172934 -27.795628 -1.344540
10.276781 -28.393597 -1.225613
10.505820 -29.020660 -1.281884
10.592484 -29.024439 -0.720985
10.519792 -29.094303 0.268103
10.541762 -29.072508 1.124293
10.588528 -29.029171 2.244915
10.466784 -29.079695 -3.079806
10.346175 -29.212986 -2.532047
9.731225 -29.637838 -2.476591
9.216119 -29.908314 -2.545874
8.812832 -30.368713 -2.447277
8.303029 -30.626593 -2.545819
7.796167 -30.917156 -2.719974
7.209215 -31.256222 -2.737532
6.582734 -31.324133 -2.996516
5.948263 -31.508249 -2.859571
5.321384 -31.754513 -2.827756
4.745780 -31.856186 -2.855508
4.247768 -32.123909 -2.869863
4.228065 -32.068455 -2.317804
4.177379 -32.071953 -1.338759
4.185039 -32.086571 -0.564698
4.225523 -32.073631 0.481869
4.870225 -31.814379 0.404054
5.420975 -31.560156 0.489020
5.982733 -31.364470 0.265794
6.556604 -31.065792 0.363853
7.249649 -30.874882 0.328768
7.759525 -30.691576 0.257666
8.404710 -30.489979 0.317445
9.083920 -30.450562 0.119895
9.629898 -30.350477 0.201045
10.301065 -30.121805 0.161881
10.572147 -29.991617 0.201394
10.460983 -30.068563 1.129549
10.522556 -29.967201 1.751292
10.322668 -29.484856 1.767622
10.288038 -28.685692 1.904810
10.011624 -28.236156 1.832188
9.841125 -27.574186 1.966390
9.608743 -26.980345 1.974646
9.444734 -26.333471 1.930973
9.268279 -25.766151 1.993622
9.109008 -25.422461 1.952814
9.076418 -25.593214 2.954606
8.976175 -25.525997 -2.642042
8.435081 -25.757359 -2.754118
7.851740 -26.086077 -2.694064
7.321089 -26.287886 -2.621941
6.703083 -26.547174 -2.801800
6.193487 -26.697521 -2.822435
5.539495 -27.071369 -2.632766
4.954140 -27.291695 -2.733687
4.437386 -27.582495 -2.736757
3.854807 -27.688856 -2.672667
3.370070 -28.171383 -2.526540
2.697539 -28.531374 -2.710479
2.230569 -28.613287 -2.917125
1.653895 -28.832968 -2.856222
1.136248 -28.875418 -2.867703
0.504390 -29.087761 -2.937586
-0.063979 -29.367559 -2.837412
-0.807634 -29.531418 -2.857858
-1.333293 -29.685644 -2.854890
-1.993501 -29.846201 -2.765191
-2.520144 -29.989473 -2.765545
-3.153363 -30.303185 -2.713221
-3.900179 -30.618439 -2.987269
-4.476665 -30.788704 -2.895886
-4.993781 -30.878633 -2.643257
-5.597071 -31.136215 -2.693786
-5.983042 -31.393383 -2.766024
-6.618319 -31.773413 -2.651222
-7.295234 -31.977261 -2.567905
-7.194061 -31.893642 -3.128043
-7.237310 -31.906570 2.645937
-7.300238 -31.908089 2.053962
-7.438441 -31.358551 1.884465
-7.605034 -30.780516 1.843059
-7.579988 -30.652046 1.872372
-7.600744 -30.681707 1.960054
